0,3220,2046,1160,2794,2334,5457,2045,2523,254,416,863,24,199,3924,2325,1017,0,5302,5309,2582,1487,0,31,2317,1465,2371,1483,1651,10,0,2739,3818,2120,8,45,218,156,969,1760,1392,4844,77,1139,58,92,1929,1439,1,2413,5320,684,4363,2532,2688,1958,6013,0,313,915,185,2501,762,8577,1722,2193,334,2565,311,55,150,778,505,88,108,184,294,785,98,124,2142,255,245,6,525,55,107,119,423,28,1455,7,10,2,64,2,73,11,8,7,6,2,1,220,73,3,40,24,1,47,64,2,31,19,55,41,0,1451,34,580,18752,516,341,5867,20,1088,1094,25,167,9,27,66,245,32,3,32,3,0,30,71,2,108,16,13,85,1,84,1087,3281,0,2874,4,132,69,121,42,214,35,13,180,3278,3,195,20,72,802,6523,2758,970,111,3444,1792,6313,3591,6121,428,749,792,18,390,7616,2014,209,396,8097,10143,5155,534,2,348,2506,1280,2110,1701,3255,42,582,5265,4543,2349,162,197,1216,1226,805,358,421,3516,11,483,38,7,564,956,0,798,4348,1195,2570,2497,997,86,2314,0,369,1212,147,2154,1187,6314,1389,1045,1297,1362,237,149,129,1357,1409,408,316,235,455,1858,312,90,1231,341,291,19,679,79,64,68,582,30,1571,7,8,7,62,7,60,15,11,23,4,3,0,284,148,7,141,40,1,76,90,30,57,8,61,56,0,956,185,565,18126,541,1022,6516,0,638,2222,6,174,26,23,133,450,70,5,49,2,3,42,109,1,90,39,21,71,6,86,332,1293,5,2947,33,228,135,165,80,744,39,22,111,1708,3,265,16,46,191
3220,0,2175,261,1935,2834,6080,1756,3832,81,61,317,1,36,1830,1095,589,0,3019,2694,1035,23,0,5,3918,1996,3841,3013,484,18,5,3300,3729,1148,7,1,68,103,20,125,1126,3106,44,668,44,51,1209,660,1,1308,3519,469,2022,1647,1191,1816,2507,0,261,722,152,2063,622,4047,865,951,274,1160,191,40,132,545,301,67,70,57,188,488,68,78,1445,158,177,5,356,42,87,81,316,20,602,7,9,2,65,4,69,13,8,8,4,2,1,164,58,6,31,24,4,36,52,5,24,23,58,41,0,903,27,444,13716,265,250,6236,3,898,716,23,153,2,17,19,157,21,6,22,6,0,21,51,3,60,17,14,83,1,79,678,3984,0,2467,4,89,41,49,23,193,30,8,134,2204,4,132,11,49,211,2912,1629,887,120,3355,2007,4938,3298,4538,356,953,845,0,34,1467,218,57,10,1621,3389,2812,64,0,394,4103,1286,710,2138,184,3,128,2543,2716,2409,12,7,497,1819,68,234,276,3294,9,255,29,6,45,59,0,123,3845,1262,2152,2681,506,55,1065,0,307,1038,122,2139,1161,3166,1094,753,997,986,174,103,98,1018,1039,349,169,200,303,1389,240,64,1498,269,360,19,625,73,57,57,558,24,1780,6,7,7,64,8,60,14,11,24,4,3,0,245,135,8,124,41,0,80,76,26,48,4,62,44,0,603,174,364,12445,319,807,5450,0,374,1829,2,161,25,15,104,509,66,4,49,2,3,45,108,1,57,38,20,64,6,84,283,1556,5,3537,34,274,93,130,66,686,37,16,105,1415,3,216,7,36,134
2046,2175,0,1906,922,2192,4967,2954,4819,5,2,154,0,3,963,278,150,1691,8131,6976,1076,8576,199,238,2505,1711,2516,6037,115,12,3139,1436,1707,905,315,67,2227,156,6072,8072,787,380,3,48,2,4,916,165,1,791,332,84,298,339,375,138,1180,0,50,108,29,683,112,1575,149,93,28,204,50,7,19,144,28,19,8,18,41,77,8,25,207,28,32,0,80,10,34,29,81,6,60,0,1,1,8,1,9,1,1,3,0,1,0,34,18,1,5,3,0,2,10,0,6,0,8,3,0,195,7,46,10962,62,47,8356,0,101,112,11,55,1,11,4,27,8,1,5,1,0,2,2,0,5,3,1,10,0,9,63,1888,0,358,2,25,8,16,8,66,9,3,33,1759,0,39,2,11,12,2549,1812,1335,1336,411,2028,5289,3700,5729,74,515,395,0,11,2246,56,3,96,1694,4293,1974,325,0,181,499,157,136,290,58,7,227,213,229,1714,0,1,652,1513,339,324,67,103,2,28,10,1,19,33,0,27,197,638,1572,47,50,10,350,0,81,309,26,937,359,1146,309,212,391,346,32,29,31,473,431,122,23,76,55,590,63,8,1258,104,126,1,187,10,15,26,145,7,20,1,2,3,12,4,11,6,6,11,3,1,0,74,44,4,35,5,0,2,25,17,28,1,15,21,0,153,70,43,6385,41,315,2753,0,18,754,0,63,1,11,38,188,30,1,2,0,0,0,21,1,5,12,3,13,5,13,55,440,2,1006,16,125,37,26,22,216,6,1,18,886,2,50,0,2,21
1160,261,1906,0,30,1376,3310,4748,4869,3,2,124,0,1,278,19,2,0,1040,2257,217,1234,0,0,1579,630,1619,1346,12,1,64,1231,1416,46,0,0,14,3,187,1623,1,13,0,1,0,0,2,18,0,4,10,2,7,8,2,8,15,0,0,1,0,6,1,147,1,1,0,1,0,0,0,0,0,0,0,0,0,0,0,0,4,0,1,0,1,0,0,0,0,0,10,0,0,0,0,0,0,0,0,0,0,0,0,1,0,0,0,0,0,0,0,0,0,0,0,0,0,1,0,1,4549,0,0,3883,0,2,1,0,0,0,0,0,1,0,0,0,0,0,0,0,0,0,0,0,0,0,0,1,107,0,9,0,0,0,0,0,0,0,0,0,375,0,0,0,0,0,1216,178,1167,654,88,1506,2461,2078,3938,99,792,326,0,5,770,39,0,172,1230,2918,645,813,0,389,987,75,63,283,34,2,362,386,424,1406,0,1,762,1913,601,697,0,59,0,0,0,0,20,34,0,19,31,4,1502,49,3,25,6,0,0,1,0,6,0,39,1,1,1,1,0,0,0,0,0,0,0,0,0,0,0,0,1410,0,0,0,0,0,0,0,0,0,6,0,0,0,0,0,0,0,0,0,0,0,0,0,0,0,0,0,0,0,0,0,0,0,0,0,0,1,0,1,3949,1,0,2251,0,1,0,0,0,0,0,0,0,0,0,0,0,0,0,0,0,0,0,0,0,0,0,1,2,0,1287,0,0,0,0,0,0,0,0,0,49,0,0,0,0,1
2794,1935,922,30,0,107,828,170,3561,19,2,43,0,2,1569,729,428,0,1751,2807,911,1,0,0,1438,1142,893,592,278,0,0,1018,362,960,0,0,10,12,0,2,946,1236,4,301,137,13,1185,326,1,1116,1660,629,375,607,490,742,2077,0,151,818,55,2808,869,3169,1062,518,376,1059,159,86,30,591,443,77,48,120,118,740,41,55,700,166,57,1,247,25,55,47,204,9,137,2,4,1,12,0,15,5,3,5,1,1,0,71,36,4,17,5,3,13,24,3,13,5,15,14,0,354,146,276,5245,485,744,515,0,645,929,15,130,8,14,31,61,12,5,9,4,0,10,14,2,27,6,4,25,1,25,543,3998,0,545,8,45,80,66,71,284,18,5,50,361,3,118,9,32,78,1682,530,121,1,406,42,539,209,3623,82,153,552,0,37,1108,67,25,0,255,3597,3128,0,0,62,218,80,74,144,87,1,1,140,163,834,19,3,20,185,1,6,319,403,5,120,14,1,26,16,0,56,723,1467,476,255,172,4,598,0,169,466,55,2185,617,1776,463,300,519,464,70,63,54,770,684,172,144,99,181,930,166,20,281,170,272,1,462,29,24,36,385,9,186,4,5,5,21,4,16,7,6,14,3,1,0,122,67,5,51,7,0,23,41,19,34,1,21,25,0,267,108,124,5234,107,385,393,0,61,1285,1,83,26,13,57,409,37,1,12,0,0,11,34,1,11,18,8,18,6,29,102,1593,5,255,21,225,70,38,27,306,11,7,43,127,2,130,1,18,62
2334,2834,2192,1376,107,0,1656,1529,2012,16,7,60,0,0,1647,351,283,0,3097,2873,1065,3,0,0,872,2215,906,655,129,15,1,515,762,850,0,0,347,25,0,8,955,339,3,50,8,5,1179,108,0,982,319,58,476,243,251,45,1461,0,101,142,35,216,131,1645,181,113,37,237,60,10,19,159,23,20,10,21,52,84,14,33,286,55,46,0,101,13,39,37,97,8,324,1,2,1,11,1,9,3,1,2,0,1,0,41,19,3,7,4,2,6,11,2,7,3,10,7,0,622,8,39,3154,90,49,1592,0,81,128,12,59,2,11,7,47,11,2,7,2,0,3,5,1,7,6,2,16,0,20,55,2446,0,70,2,31,8,16,8,67,9,4,41,210,1,55,2,14,15,2008,134,151,66,50,824,862,892,2201,110,417,644,0,6,741,138,5,14,473,2262,1980,119,0,110,399,129,159,229,89,1,68,215,254,2333,7,4,295,1065,120,167,97,193,4,30,11,2,10,26,0,20,401,57,1874,130,145,7,879,0,152,358,36,367,564,2138,611,313,792,1113,40,35,41,513,457,138,28,110,75,664,117,13,974,135,270,1,382,17,18,29,307,9,43,2,3,5,19,4,16,6,6,12,3,1,0,92,53,5,39,5,0,9,31,17,30,1,17,21,0,916,111,55,5406,81,341,1294,0,21,1030,0,68,3,11,68,386,34,1,6,0,0,3,28,1,4,14,5,15,6,23,65,893,3,652,16,231,42,32,24,227,9,7,27,56,2,72,0,4,27
5457,6080,4967,3310,828,1656,0,4028,7530,353,289,1426,4,67,5733,5762,2660,0,8352,7490,1557,71,0,1,2332,4783,1344,1430,3740,129,71,3065,7895,1790,32,0,139,64,54,292,1811,3381,4,1010,5,11,3056,4611,2,4301,2939,538,2145,2365,1935,1265,3226,0,215,474,120,2438,496,8476,521,424,279,604,207,44,111,550,388,65,64,41,186,571,60,70,893,156,218,1,356,33,87,85,277,11,1749,7,8,1,34,4,39,10,8,12,4,2,1,200,49,9,27,11,5,55,70,4,24,22,37,45,0,637,24,419,9424,349,385,2569,2,737,779,18,127,7,17,12,216,28,9,28,8,2,40,47,3,66,19,14,51,2,52,578,5259,1,2454,6,91,42,46,26,236,23,10,104,1051,4,124,9,42,71,4247,2213,946,687,687,3853,5002,4109,6669,357,1971,1900,0,314,2750,1154,201,15,2587,6346,4621,147,0,2267,5127,1128,1436,1260,1964,104,940,4230,3967,4066,77,102,841,3515,202,639,386,1939,20,205,21,3,521,465,0,794,2130,1631,3360,969,543,855,1567,0,270,745,120,2676,1001,5308,816,585,790,832,153,76,99,954,891,242,176,151,323,1187,258,48,2842,280,435,5,667,52,46,62,561,14,269,7,9,8,43,8,41,16,13,18,5,2,1,243,110,12,84,16,0,79,87,24,47,1,36,46,0,587,128,208,14131,213,529,3893,1,179,1723,0,105,18,15,62,604,62,1,45,0,0,40,80,1,45,43,20,40,8,61,212,2217,5,3860,28,321,74,86,42,417,25,25,129,567,3,195,8,28,218
2045,1756,2954,4748,170,1529,4028,0,4353,569,523,1314,0,31,2963,1689,1019,0,3251,7962,1212,548,0,34,3658,1263,2696,2978,787,218,112,4562,6748,1454,1,0,193,108,221,635,1384,949,185,357,49,104,1743,914,2,1831,1665,349,1067,653,820,567,2884,0,515,760,291,903,577,5121,1064,707,165,931,708,48,129,950,143,46,56,64,534,622,380,491,1150,763,410,61,740,246,224,142,796,22,692,11,12,2,44,21,61,50,47,14,47,3,0,487,69,16,76,30,5,142,157,10,112,14,45,57,0,1012,130,268,8423,454,175,4097,4,540,845,69,114,206,18,27,462,214,11,87,11,0,94,165,7,323,148,35,99,10,129,390,1680,3,742,16,248,39,39,27,128,112,67,320,267,42,583,229,322,594,1129,723,468,151,337,2442,5273,2697,1946,460,2357,1735,0,70,1118,362,43,9,924,1298,848,104,0,3018,4325,537,577,659,848,25,798,2346,1998,4019,1082,15,1511,4639,112,319,147,572,9,97,20,5,90,117,0,143,1052,134,3664,401,270,78,1338,0,391,677,101,696,1041,3532,923,501,1061,1447,338,100,105,949,777,221,204,204,218,1113,265,172,2942,847,425,6,928,72,136,65,782,27,437,12,15,12,49,31,56,33,24,18,25,6,0,472,108,26,90,12,1,153,187,81,168,14,37,169,0,1159,254,175,12499,192,490,3160,0,111,1553,7,115,27,18,177,786,279,47,88,2,0,36,107,43,27,248,102,45,51,160,230,159,5,2310,30,391,68,89,36,372,47,21,117,265,8,207,7,53,65
2523,3832,4819,4869,3561,2012,7530,4353,0,110,99,552,0,35,3340,1520,1044,100,9294,7823,2472,6735,0,5,2356,1502,2574,3769,876,23,656,1756,2425,1329,7,8,344,101,3170,7186,1560,3309,3,874,47,11,2234,994,0,2131,3653,323,1504,1234,1051,1770,2442,0,145,302,196,1387,484,5916,552,368,186,566,263,34,62,504,304,67,49,129,302,494,73,117,2042,196,231,3,446,49,77,172,356,21,514,3,4,1,16,3,23,4,8,4,2,2,1,164,38,2,16,3,2,33,53,0,18,23,11,41,0,334,22,387,17315,345,278,9029,0,522,783,25,118,14,18,45,251,19,0,22,0,0,27,63,1,68,13,7,23,0,28,568,2818,0,2502,2,193,42,100,24,145,29,8,184,3071,5,246,18,61,271,4650,2390,1710,2456,1519,2193,6815,5215,8570,262,730,719,18,222,8837,1522,669,256,4145,11178,8805,496,1,372,1349,303,261,709,1081,28,401,574,1639,2476,104,53,956,1804,523,284,2925,1080,6,120,16,3,649,840,0,937,1233,879,2108,885,257,16,2028,0,163,448,73,2217,841,5833,472,326,519,490,138,58,95,742,633,173,105,120,188,856,139,45,1451,247,231,1,387,38,51,46,374,22,648,4,6,5,18,5,26,13,10,15,4,2,0,206,83,8,60,7,1,80,120,25,55,7,22,52,0,266,125,186,14713,173,393,4565,0,195,1164,2,85,16,13,58,392,64,3,52,2,0,56,73,2,24,32,12,23,6,30,133,1097,3,1807,21,186,56,65,32,287,24,14,72,1177,5,128,5,19,51
254,81,5,3,19,16,353,569,110,0,1606,2189,0,2,2058,1856,2073,2,1986,69,223,2,0,180,406,207,56,116,2077,40,443,418,669,544,374,16,759,358,2438,2179,1839,67,0,24,6,6,3646,201,0,278,226,13,72,21,34,7,2498,0,128,149,4,198,20,720,31,203,32,62,4,1,0,19,3,1,1,2,11,15,5,3,20,6,9,0,9,1,4,4,14,1,32,1,1,1,2,1,1,1,2,1,2,0,0,5,1,2,1,0,1,7,3,1,2,5,1,5,0,314,3,134,2485,126,11,2906,0,30,28,0,6,1,0,1,8,2,2,5,1,0,6,6,1,4,3,1,2,0,2,171,164,0,26,1,3,0,1,0,7,0,0,5,6,1,10,2,3,11,100,71,12,0,62,235,344,1747,229,77,293,32,0,361,510,190,16,0,750,335,88,0,0,822,30,18,19,14,1160,0,0,873,446,306,868,341,1353,1588,492,1689,18,37,1,6,0,0,3,62,0,54,81,11,424,22,24,1,250,0,89,131,2,109,89,637,127,96,282,139,5,2,3,53,13,5,4,10,5,107,11,1,224,7,13,0,13,0,2,0,30,3,3,0,0,0,1,0,1,0,0,0,0,0,0,11,3,1,2,0,0,10,7,0,3,0,0,0,0,239,17,6,5453,47,100,2319,0,6,131,0,5,1,0,3,27,1,0,7,0,0,6,4,0,0,1,0,2,0,1,10,17,0,184,0,0,4,3,3,4,0,0,0,48,0,23,0,1,6
416,61,2,2,2,7,289,523,99,1606,0,2055,0,4,1546,2235,1499,20,1381,70,310,20,4,659,1322,608,216,146,2626,223,1802,867,944,1260,885,263,2885,612,4461,2967,2283,33,2,14,2,1,3553,1339,0,2456,223,11,38,20,11,6,3141,0,118,165,4,181,54,2650,27,261,37,55,4,1,9,9,6,0,3,2,4,21,2,0,12,5,10,0,9,1,2,1,19,7,32,1,1,1,1,1,1,1,1,0,1,0,0,9,10,1,0,0,0,8,6,0,2,2,0,2,0,328,8,120,2442,112,13,2965,1,22,41,0,2,0,0,0,22,1,0,5,0,0,7,4,0,1,2,1,2,0,1,153,241,0,12,0,1,1,0,0,12,1,0,1,2,0,3,0,2,10,137,66,6,0,62,218,312,1798,339,8,408,4,0,730,857,155,12,0,1495,613,58,0,0,722,35,36,47,17,1638,0,1,1580,790,203,824,389,1649,1751,603,1772,16,6,0,10,0,0,7,81,0,34,27,6,269,6,15,1,144,0,49,80,2,106,23,642,39,18,31,8,3,0,8,22,3,0,1,1,0,29,1,0,213,3,5,0,5,1,2,0,14,2,4,0,0,0,1,0,2,0,0,0,0,0,0,9,9,0,3,1,0,5,5,0,0,0,1,0,0,111,5,1,5283,35,28,2358,0,5,37,0,1,0,0,0,13,0,0,2,0,0,4,3,0,0,0,0,2,0,1,8,11,0,164,1,1,1,0,1,1,1,0,1,47,0,3,0,0,3
863,317,154,124,43,60,1426,1314,552,2189,2055,0,0,28,3943,3513,3512,1,4275,515,835,25,0,139,1227,1023,942,940,3898,91,944,225,409,2393,101,133,1495,1559,1705,1741,2436,224,0,109,9,9,5319,696,0,321,483,54,478,206,106,20,3036,0,161,202,8,373,46,905,81,202,50,210,16,11,6,82,37,3,14,7,44,59,20,9,83,21,21,1,39,5,5,4,34,1,131,3,3,1,6,0,1,7,3,2,4,0,0,17,3,5,4,1,4,7,2,4,6,6,5,10,0,608,5,218,2092,198,21,2765,0,146,93,1,16,2,3,1,23,3,5,7,4,1,5,7,1,31,7,2,10,1,10,212,660,0,186,1,7,9,2,3,9,0,0,5,52,1,12,4,5,19,457,253,78,41,118,739,775,2209,631,130,333,166,0,711,1480,1151,101,0,1835,945,274,1,0,1017,598,224,88,55,1683,32,238,1567,1065,1774,983,353,1524,1981,566,1747,71,269,12,23,1,1,223,186,0,565,209,57,2237,194,178,24,1991,0,137,313,9,362,162,3169,357,948,1604,1562,16,14,3,127,50,15,23,31,44,232,45,7,612,28,28,1,41,5,1,3,58,2,20,1,1,1,8,0,2,2,0,3,0,0,0,13,6,1,3,0,1,10,11,1,4,0,2,3,0,1763,34,29,9159,100,205,2512,0,56,284,1,19,4,2,13,46,4,1,6,0,0,5,7,0,4,5,2,4,2,9,44,83,1,641,1,21,13,12,10,14,0,0,11,119,0,43,2,4,49
24,1,0,0,0,0,4,0,0,0,0,0,0,75,233,434,219,0,68,0,2,0,0,0,0,0,0,1,49,0,0,1,0,0,0,0,0,0,0,0,201,2,0,59,0,0,1,0,0,0,17,0,0,6,55,0,300,0,2,10,2,12,18,27,19,6,0,17,1,2,2,4,1,1,2,1,2,2,1,1,2,0,1,0,4,1,0,0,2,0,0,0,0,0,1,0,1,0,0,0,0,0,0,1,0,0,0,0,0,0,0,0,0,0,1,0,0,2,1,1,164,0,2,2,10,0,5,0,2,0,0,0,1,0,0,0,0,0,0,0,0,0,0,0,1,0,1,5,1,0,0,0,0,1,1,2,2,0,1,2,0,0,1,0,1,4,85,3,0,0,0,0,5,0,0,1,2,3,0,10,27,3,0,0,64,24,0,0,0,0,19,16,40,1,109,4,15,198,114,11,0,0,0,0,0,0,0,4,1,2,1,1,0,1,0,2,11,4,12,2,7,0,237,0,2,8,1,7,7,30,5,8,10,7,2,1,1,1,2,1,0,2,1,3,0,1,2,0,1,0,1,0,0,0,0,0,1,0,0,0,0,0,1,0,0,0,0,0,0,0,0,0,0,0,0,0,0,0,0,0,0,0,0,4,0,0,256,6,0,13,0,7,3,0,0,0,0,1,1,0,0,0,0,0,0,0,0,0,0,0,0,0,1,1,2,0,0,0,0,1,1,0,1,0,0,1,0,0,0,0,0,0
199,36,3,1,2,0,67,31,35,2,4,28,75,0,2944,492,37,0,3079,1016,11,1,0,2,187,3862,6517,7,15360,0,0,5852,117,27,0,0,1,0,0,2,6,62,0,15,0,1,50,120,0,66,57,1,82,25,57,0,68,0,7,16,6,13,26,479,3,1,11,1,40,11,0,105,66,7,18,7,69,105,30,9,49,21,42,0,70,3,8,34,24,2,30,0,0,0,1,0,0,0,0,0,0,0,0,15,3,0,0,0,0,1,3,0,0,0,0,0,0,1,0,10,670,5,2,76,26,12,143,1,8,4,2,0,44,1,0,0,0,0,0,0,0,40,1,0,0,0,1,34,17,0,31,0,39,7,7,2,11,3,0,34,1,0,10,5,4,1,413,10,6,9,3,5,51,19,190,2,3,3,11,155,518,520,59,0,682,477,5,5,0,5,89,44,86,53,886,14,23,542,1088,130,7,2,8,10,3,12,4,5,0,1,0,0,13,276,0,48,16,0,169,3,1,0,16,0,7,4,3,7,3,363,3,0,0,0,11,8,3,49,9,7,10,5,15,16,10,4,25,19,4,2,28,5,5,1,14,2,9,1,1,0,2,0,3,1,0,0,1,0,0,10,3,0,2,0,0,3,5,1,5,0,1,2,0,0,2,2,1124,1,2,307,0,1,13,0,1,0,1,1,7,5,0,0,0,0,0,3,0,2,4,0,1,0,2,3,1,0,7,1,6,0,7,1,7,3,0,6,0,0,4,0,2,0
3924,1830,963,278,1569,1647,5733,2963,3340,2058,1546,3943,233,2944,0,1152,127,0,21668,3655,1365,382,0,98,22366,36727,48404,25961,23080,64,200,21022,2745,5348,0,320,819,434,9,1044,700,3617,106,365,21,64,1336,2073,2,4492,2248,311,4169,2252,2890,166,2202,0,140,326,192,1504,1198,13097,691,1040,142,1025,310,44,100,420,211,48,72,104,319,340,82,103,1184,310,362,4,545,50,97,201,444,32,2324,3,4,0,17,10,25,7,14,14,5,0,0,288,45,5,18,1,4,89,123,4,53,32,16,85,0,391,26,179,32880,280,84,6115,5,408,816,14,81,15,11,16,479,49,7,67,6,3,46,100,3,70,43,16,25,3,49,470,2166,0,1372,4,244,44,67,22,86,22,6,184,719,11,227,23,64,407,5055,616,506,244,165,1709,3221,2562,7596,1350,2497,1135,24,695,8161,3244,1030,211,5874,10208,6722,155,5,1667,5246,783,1120,739,5175,50,528,4736,6583,2233,1817,548,2030,3348,1356,1281,3348,523,20,245,24,9,951,981,0,1508,935,569,2192,223,332,35,1603,0,168,302,99,2430,1518,9013,406,216,263,338,212,158,158,715,480,183,185,304,274,818,194,70,1936,349,737,0,843,49,82,88,648,34,143,7,8,5,20,13,23,10,10,13,3,1,0,639,84,9,49,9,4,143,208,28,97,13,17,98,0,236,276,160,23695,116,162,6298,0,140,1699,3,87,3,6,129,1023,113,9,99,4,0,71,89,3,53,83,36,32,7,44,286,1548,2,1621,17,219,175,117,97,184,27,17,91,508,8,133,13,25,77
2325,1095,278,19,729,351,5762,1689,1520,1856,2235,3513,434,492,1152,0,1955,0,1420,704,633,0,0,475,437,155,380,371,3078,10,0,780,3808,4973,2,327,755,388,9,153,1726,4624,50,2208,346,51,1065,3055,2,4635,3247,120,3831,2889,3827,51,2580,0,364,628,285,1037,1011,16481,661,494,473,474,854,127,203,1021,798,86,259,129,656,1192,260,191,1443,784,719,6,1315,77,484,587,861,30,2988,12,13,2,37,81,58,26,19,19,26,1,0,801,104,25,51,5,18,161,277,17,169,138,48,243,0,285,91,244,26608,143,524,4006,100,290,1848,17,134,21,13,23,829,301,26,101,24,8,99,258,8,218,131,97,51,8,245,493,393,4,1832,10,476,148,43,73,294,91,10,373,327,16,332,59,121,72,1983,1200,561,408,351,2554,5986,4388,2106,978,5267,1188,1,1427,4503,2984,989,1,6340,4258,918,6,4,3344,10492,3507,4937,4051,4445,566,1586,9139,10563,1887,1698,992,2822,3292,1595,2142,1207,809,14,251,13,2,1463,1973,0,2642,2237,330,1499,512,390,77,2436,0,190,248,94,1501,2577,11772,330,185,309,225,292,194,110,977,759,169,373,224,582,1082,367,72,2151,1773,2178,2,2381,52,147,341,1041,66,710,6,6,13,48,117,33,14,14,13,12,0,0,1072,99,13,33,6,4,358,496,147,294,13,20,260,0,249,323,113,32183,177,191,7103,1,201,3576,3,36,6,13,96,2704,454,7,232,1,1,229,220,4,164,217,73,24,10,151,222,848,5,1478,10,1633,158,99,105,179,21,7,164,155,8,165,22,33,72
1017,589,150,2,428,283,2660,1019,1044,2073,1499,3512,219,37,127,1955,0,0,189,820,714,0,0,103,137,27,102,158,169,1,0,229,950,5078,0,349,795,474,1,149,1382,3465,2,1291,79,6,681,2110,5,4913,2391,116,3774,2164,3572,58,1204,0,280,407,183,896,1285,10769,539,535,226,458,701,120,195,702,555,90,210,170,346,737,149,137,1262,695,449,4,992,65,470,458,855,42,2623,10,11,1,34,82,59,26,23,29,28,1,0,727,100,28,50,4,19,183,286,15,189,154,53,276,0,294,76,117,19528,81,214,1970,29,217,1133,10,137,8,14,27,617,332,31,122,30,11,98,277,6,67,154,103,46,12,247,236,336,4,1115,12,335,162,56,75,180,80,6,210,227,15,266,28,94,41,1129,644,359,182,313,1039,1650,1840,1249,1536,5815,811,4,74,1719,1443,880,0,911,1432,907,9,4,3813,4771,377,231,149,1134,14,226,1084,2632,1216,2431,669,2092,3063,1120,1202,1182,457,10,186,11,2,1278,384,0,1620,2197,331,999,288,213,12,2207,0,151,257,112,1407,2816,8656,291,163,338,196,286,350,162,1145,921,280,488,519,615,1461,389,75,2118,1730,2229,0,2349,47,176,346,1227,78,687,7,7,14,51,117,34,16,17,20,11,1,0,1114,121,15,42,8,6,422,535,151,319,19,27,290,0,206,485,80,15731,174,190,2481,0,179,4028,3,68,4,9,218,2845,477,13,289,3,1,267,249,7,64,241,92,30,16,162,231,907,6,1034,14,1612,365,173,223,250,26,10,165,119,11,147,22,32,34
0,0,1691,0,0,0,0,0,100,2,20,1,0,0,0,0,0,0,2980,3437,0,78,9,105,272,245,183,1325,0,26,166,52,51,0,13,2,224,5,1525,1208,0,0,0,0,0,0,0,0,0,0,0,0,0,0,0,0,0,0,0,0,0,0,0,0,0,0,0,0,0,0,0,0,0,0,0,0,0,0,0,0,0,0,0,0,0,0,0,0,0,0,0,0,0,0,0,0,0,0,0,0,0,0,0,0,0,0,0,0,0,0,0,0,0,0,0,0,0,0,0,0,649,0,0,1002,0,0,0,0,0,0,0,0,0,0,0,0,0,0,0,0,0,0,0,0,0,0,0,0,0,0,0,0,0,0,0,0,0,0,0,0,0,0,0,0,0,0,0,0,0,0,0,0,0,0,3,0,0,0,0,0,0,0,0,0,0,0,0,0,0,0,0,0,0,0,0,0,0,0,0,0,0,0,0,0,0,0,0,0,0,0,0,0,0,0,0,0,0,0,0,0,0,0,0,0,0,0,0,0,0,0,0,0,0,0,0,0,0,0,0,0,0,0,0,0,0,0,0,0,0,0,0,0,0,0,0,0,0,0,0,0,0,0,0,0,0,0,0,0,0,0,0,0,0,0,0,0,0,0,0,0,0,0,0,0,0,0,0,0,0,0,0,0,0,0,0,0,0,0,0,0,0,0,0,0,0,0,0,0,0,0,0,0,0,0,0,0,0,0,0,0,0,0,0,0,0,0,0,0,0,0,0,0
5302,3019,8131,1040,1751,3097,8352,3251,9294,1986,1381,4275,68,3079,21668,1420,189,2980,0,48501,773,5127,419,3939,21292,30580,37813,21003,23684,2701,5987,23904,6871,4795,564,1243,3566,3051,5259,5663,176,3621,17,677,14,24,415,2627,2,4415,2191,257,3414,1966,2490,602,894,0,97,195,78,697,504,9836,321,630,102,567,243,50,63,388,241,32,88,45,219,362,76,63,747,307,220,1,403,30,130,186,386,9,1895,4,6,1,16,75,21,18,8,11,10,0,0,309,34,13,13,2,11,61,122,8,73,29,23,86,0,249,21,107,26548,195,117,10486,5,378,607,1,62,9,9,9,284,133,16,38,15,1,37,68,4,59,102,67,29,2,66,269,1483,0,1464,6,128,56,24,27,103,31,3,98,541,5,110,28,42,82,6339,1548,740,330,226,1810,5940,2721,5670,1074,3027,1725,24,730,5384,3097,515,182,7910,7133,2518,181,2,2727,10870,2050,2141,2519,5404,94,1192,8533,9897,2309,919,379,1611,3726,1255,1318,714,591,10,251,6,1,875,1011,0,1395,1117,293,2192,302,310,70,1099,0,110,185,70,880,1253,7035,198,134,207,150,148,173,73,692,470,165,196,288,273,775,233,39,2035,647,1037,0,1261,27,69,201,705,20,197,6,6,6,30,99,19,8,5,8,3,0,0,653,59,6,23,7,2,118,202,72,147,2,12,122,0,143,259,96,24418,100,105,9094,0,136,1937,3,50,2,6,131,1290,237,2,74,0,0,57,60,0,47,152,49,17,5,54,149,1361,3,1751,9,639,192,91,108,153,19,13,104,96,2,99,13,19,32
5309,2694,6976,2257,2807,2873,7490,7962,7823,69,70,515,0,1016,3655,704,820,3437,48501,0,2088,8655,419,4095,30978,45825,65157,50757,14837,2867,7405,19378,2838,491,564,933,3428,2733,7036,8943,579,2190,17,613,16,26,1142,612,2,834,2311,243,1014,580,792,1182,1510,0,106,272,68,721,1051,6201,573,861,184,849,173,30,70,258,246,47,39,46,138,377,48,51,1177,123,235,0,300,19,59,72,242,21,388,3,4,0,7,4,17,4,11,11,4,1,0,215,31,3,11,0,2,67,95,1,37,30,9,76,0,292,24,95,29145,156,208,10229,1,179,680,0,63,6,13,12,341,26,4,58,3,2,38,82,1,43,25,11,15,2,31,281,2599,0,1507,3,103,28,37,7,102,7,2,57,2573,8,95,13,28,223,8976,656,1398,1006,614,1496,5529,2352,12236,715,2226,1644,28,649,11339,2532,852,579,8919,17003,9097,1457,3,2184,5249,702,1025,1238,3698,41,1419,4133,5150,2406,465,58,1490,3155,1334,1111,2655,461,5,51,8,2,868,1060,0,1230,580,459,2088,362,157,66,1658,0,82,211,51,1346,984,7768,246,125,348,173,121,80,136,649,544,179,102,164,128,732,141,45,1526,174,359,0,398,26,52,34,480,23,210,5,7,1,9,9,10,7,9,9,2,0,0,300,41,8,28,7,4,113,165,20,68,11,13,78,0,107,187,96,22949,60,142,6704,0,87,1223,0,35,17,8,83,599,78,6,84,3,0,63,70,1,16,60,30,13,4,24,138,1704,2,1528,12,123,102,44,58,201,11,8,56,228,7,76,6,21,32
2582,1035,1076,217,911,1065,1557,1212,2472,223,310,835,2,11,1365,633,714,0,773,2088,0,98,0,6,183,102,213,166,503,14,0,306,514,1334,0,25,184,90,31,145,744,2628,4,355,9,11,1539,471,0,1464,1922,852,2473,1732,1737,108,3488,0,83,278,175,2081,653,6511,757,717,105,889,222,38,41,292,194,36,54,105,252,278,74,78,1194,209,225,3,396,37,50,147,314,20,1707,1,1,0,8,3,14,3,11,6,2,0,0,140,18,3,7,0,2,54,58,1,21,29,7,58,0,358,23,157,11305,310,87,1293,17,386,586,13,40,12,9,12,289,30,3,42,2,1,33,79,2,44,22,7,11,2,35,455,2250,0,1017,1,194,42,73,17,40,19,6,157,958,8,192,13,45,428,3605,120,234,17,44,108,1134,263,7853,277,624,429,11,113,6839,1307,741,149,3090,10167,8284,218,5,625,991,150,77,292,805,33,268,204,1171,926,423,258,820,853,456,219,3374,264,46,149,37,39,470,701,0,730,639,446,774,91,245,5,2064,0,112,396,54,2222,1031,6209,571,487,240,601,119,47,127,294,292,81,116,89,170,407,119,36,280,177,228,0,265,30,61,22,376,25,82,1,1,3,9,2,15,3,4,6,0,0,0,239,49,3,34,3,3,104,153,11,64,10,9,62,0,273,96,132,13800,106,142,1636,0,92,739,2,52,2,6,28,409,67,4,73,3,0,62,76,1,17,47,24,18,3,25,192,1366,1,133,6,77,43,53,16,102,17,12,35,735,4,84,6,14,133
1487,23,8576,1234,1,3,71,548,6735,2,20,25,0,1,382,0,0,78,5127,8655,98,0,0,57,790,666,869,1844,1,227,850,425,327,1,0,3,53,36,2395,3344,0,4,0,0,0,0,0,0,0,0,3,0,2,2,0,2,1,0,0,0,0,1,0,40,0,0,0,0,0,0,0,0,0,0,0,0,0,0,0,0,1,1,0,0,0,0,0,0,0,0,4,0,0,0,0,0,0,0,0,0,0,0,0,0,0,0,0,0,0,0,0,0,0,0,0,0,0,0,0,0,2500,0,0,2242,0,0,0,0,0,0,0,0,0,0,0,0,0,0,0,0,0,0,0,0,0,0,0,0,3,0,3,0,0,0,0,0,0,0,0,0,1,0,0,0,0,0,1505,13,203,16,8,13,12,16,1889,0,3,4,0,0,1135,19,0,8,1073,1620,429,43,0,2,17,12,11,28,13,0,8,11,17,20,0,0,33,16,40,24,0,1,0,0,0,0,14,15,0,11,5,1,25,1,0,0,4,0,0,0,0,5,1,26,0,0,1,0,0,0,0,1,1,0,1,0,0,1,0,0,7,2,1,0,2,0,0,0,0,0,0,0,0,0,0,0,0,0,0,0,0,0,0,0,0,0,0,0,0,0,0,0,0,0,0,0,0,0,0,0,1567,1,1,461,0,4,2,0,0,0,0,0,1,0,0,0,0,0,0,0,0,0,0,0,0,0,0,0,5,0,14,0,1,0,0,0,0,0,0,0,6,0,0,0,0,0
0,0,199,0,0,0,0,0,0,0,4,0,0,0,0,0,0,9,419,419,0,0,0,402,523,258,31,74,0,0,236,24,23,0,1457,75,1773,276,968,209,0,0,0,0,0,0,0,0,0,0,0,0,1,0,0,0,0,0,0,0,0,0,0,0,0,0,0,0,0,0,0,0,0,0,0,0,0,0,0,0,0,0,0,0,0,0,0,0,0,0,0,0,0,0,0,0,0,0,0,0,0,0,0,0,0,0,0,0,0,0,0,0,0,0,0,0,0,0,0,0,261,0,0,93,0,0,0,0,0,0,0,0,0,0,0,0,0,0,0,0,0,0,0,0,0,0,0,0,0,0,0,0,0,0,0,0,0,0,0,0,0,0,0,0,0,0,0,0,0,0,0,0,0,0,0,0,0,0,0,0,0,0,0,0,0,0,0,0,0,0,0,0,0,0,0,0,0,0,0,0,0,0,0,0,0,0,0,0,0,0,0,0,0,0,0,0,0,0,0,0,0,0,0,0,0,0,0,0,0,0,0,0,0,0,0,0,0,0,0,0,0,0,0,0,0,0,0,0,0,0,0,0,0,0,0,0,0,0,0,0,0,0,0,0,0,0,0,0,0,0,0,0,0,0,0,0,0,0,0,0,0,0,0,0,0,0,0,0,0,0,0,0,0,0,0,0,0,0,0,0,0,0,0,0,0,0,0,0,0,0,0,0,0,0,0,0,0,0,0,0,0,0,0,0,0,0,0,0,0,0,0,0
31,5,238,0,0,0,1,34,5,180,659,139,0,2,98,475,103,105,3939,4095,6,57,402,0,651,1746,2052,358,339,393,626,601,734,21,2587,480,3258,1228,2468,785,64,4,0,1,0,0,162,430,0,227,9,0,4,0,3,0,100,0,1,2,1,1,2,363,0,8,1,1,0,0,0,1,0,0,0,0,1,0,0,0,0,0,1,0,1,0,0,0,0,0,13,0,0,0,0,0,0,0,0,0,0,0,0,0,0,0,0,0,0,0,0,0,0,0,0,0,0,9,0,1,784,1,0,366,0,0,2,0,0,0,0,0,1,0,0,0,0,0,0,0,0,0,0,0,0,0,0,3,1,0,0,0,0,0,0,0,0,0,0,0,0,0,0,0,0,0,53,9,0,0,5,31,6,849,34,0,41,0,0,102,89,54,1,0,204,69,1,0,0,104,24,33,35,9,252,1,0,522,525,28,244,184,777,351,636,997,0,1,0,0,0,0,1,34,0,8,2,0,37,1,0,0,8,0,1,2,0,27,0,228,1,0,1,0,0,0,0,0,0,0,0,0,0,1,0,0,31,0,0,0,0,0,0,0,0,0,0,0,0,0,0,0,0,0,0,0,0,0,0,0,0,0,0,0,0,0,0,0,0,0,0,0,0,1,0,0,1742,0,1,1016,0,0,1,0,0,0,0,0,0,0,0,0,0,0,0,0,0,0,0,0,0,0,0,1,2,0,13,0,0,0,0,0,0,0,0,0,4,0,0,0,0,0
2317,3918,2505,1579,1438,872,2332,3658,2356,406,1322,1227,0,187,22366,437,137,272,21292,30978,183,790,523,651,0,10005,5030,2328,291,1325,4926,4249,4670,330,3235,268,5621,627,8580,6908,65,1305,5,138,3,7,145,324,0,211,1453,160,390,670,213,1005,428,0,101,197,57,518,228,2956,174,245,242,255,227,12,63,458,487,17,26,12,95,585,35,42,383,248,134,1,280,18,69,41,174,2,264,3,4,0,13,8,16,7,5,7,4,0,0,135,15,11,13,2,5,53,66,5,22,21,15,30,0,254,18,219,3459,212,438,7776,1,387,689,5,28,6,12,3,149,36,11,15,10,2,30,45,5,31,28,14,13,1,48,297,1284,0,1015,2,73,14,10,5,157,15,6,55,487,4,60,9,26,36,2901,2328,203,137,171,702,4459,2513,1889,213,1859,1117,0,48,1864,157,33,8,6021,3182,1418,53,0,2709,10138,3709,3083,3392,587,20,778,6402,3966,761,867,130,1055,2523,376,1927,118,917,5,115,8,1,83,58,0,119,1451,232,543,494,271,486,404,0,80,259,37,466,477,1804,257,202,250,280,180,115,27,618,536,64,318,67,502,678,424,38,745,367,393,1,734,15,50,95,381,5,209,5,5,2,14,4,9,4,4,1,2,2,0,137,28,4,19,2,1,79,73,12,23,1,4,21,0,235,32,125,15560,253,128,8404,0,332,1110,2,21,4,9,19,505,40,3,42,0,0,44,46,2,75,36,15,10,3,41,115,1063,1,1157,5,305,76,35,39,93,8,6,203,182,3,61,15,11,95
1465,1996,1711,630,1142,2215,4783,1263,1502,207,608,1023,0,3862,36727,155,27,245,30580,45825,102,666,258,1746,10005,0,8193,4615,96,500,1986,5877,7299,313,839,196,2111,743,2994,2322,26,646,7,64,1,6,37,114,0,56,740,81,217,359,169,547,228,0,20,53,9,190,72,1921,79,163,78,161,66,6,9,172,167,5,8,5,23,220,13,7,157,74,29,1,81,4,12,15,48,1,123,2,3,0,5,3,3,5,3,0,1,0,0,32,3,4,2,1,4,17,22,4,8,9,5,15,0,93,4,59,6488,68,148,6191,0,134,243,3,13,2,2,2,41,7,5,6,4,0,11,12,4,5,8,5,6,0,14,121,959,0,510,2,21,5,4,2,48,2,1,10,362,3,20,2,8,39,1827,1254,85,70,81,125,3813,218,1303,180,1469,990,0,16,915,75,9,6,3518,1949,1071,15,0,1878,7581,2493,1933,2259,158,12,761,3968,3074,306,6,5,40,1173,19,74,45,215,1,55,2,0,38,31,0,62,513,149,133,133,89,54,113,0,35,74,16,157,263,799,86,54,108,77,39,36,15,198,161,18,60,19,141,254,128,18,171,98,185,0,287,3,11,18,209,2,62,3,3,2,9,2,5,2,1,0,1,0,0,50,10,1,6,0,0,30,29,6,10,0,1,8,0,49,16,62,8523,78,73,3773,0,135,484,1,7,2,2,8,256,20,1,13,0,0,18,15,1,30,17,6,4,1,16,45,766,0,204,1,132,24,10,15,33,2,5,56,23,1,26,10,2,11
2371,3841,2516,1619,893,906,1344,2696,2574,56,216,942,0,6517,48404,380,102,183,37813,65157,213,869,31,2052,5030,8193,0,3919,1836,1787,1978,3184,3636,272,82,546,1079,1152,1591,1985,61,807,7,114,2,6,127,286,0,219,927,90,363,471,266,586,337,0,59,104,30,231,187,2771,121,211,202,225,159,8,24,293,292,8,15,9,98,394,36,40,201,156,129,2,206,18,38,40,117,3,197,0,1,0,8,2,4,7,5,0,2,0,0,90,7,6,4,1,5,46,51,4,13,18,7,30,0,153,11,72,3275,80,306,2774,0,134,505,4,24,10,8,3,143,19,5,12,5,0,27,28,4,34,13,5,9,1,27,167,1190,0,637,3,74,8,5,3,95,3,1,50,450,3,50,21,29,42,2578,1657,264,255,99,1002,4190,1008,1989,194,1544,1130,0,28,1297,355,41,10,3598,2607,1364,63,0,1900,7225,1987,2276,2121,841,23,765,4946,3871,639,28,15,126,1295,72,149,66,945,4,98,5,2,107,182,0,128,1077,194,420,464,199,530,327,0,55,129,20,278,373,1544,145,127,112,162,88,35,16,205,157,24,75,31,216,240,197,22,419,172,285,0,386,7,21,30,272,6,120,4,4,2,11,3,2,3,4,1,2,2,0,98,13,4,9,1,0,67,66,7,14,2,1,17,0,107,22,114,9665,97,60,4193,0,124,587,1,12,1,6,16,371,30,2,32,0,0,38,27,1,21,24,11,5,1,29,113,901,0,938,2,203,24,12,10,36,4,4,110,252,3,36,6,3,44
1483,3013,6037,1346,592,655,1430,2978,3769,116,146,940,1,7,25961,371,158,1325,21003,50757,166,1844,74,358,2328,4615,3919,0,190,720,2202,3020,4585,255,96,192,848,375,1974,2361,72,1093,1,145,3,4,148,266,0,228,1154,125,382,574,210,735,401,0,75,148,47,435,221,2901,140,154,278,210,184,8,42,362,436,11,19,9,69,504,25,23,246,180,109,1,221,11,35,28,111,2,214,1,2,0,8,2,4,5,4,2,2,0,0,92,7,6,7,1,3,44,46,3,7,19,9,25,0,204,11,193,4430,183,451,3420,1,327,591,6,19,7,6,3,118,17,6,12,5,0,26,30,3,13,11,6,10,1,30,245,578,0,833,3,53,8,7,3,142,5,3,32,240,3,47,6,23,21,959,1822,634,499,89,1578,4700,1574,1351,191,1516,1077,0,28,469,247,39,3,884,954,550,54,0,1850,5563,977,1845,2373,268,18,833,3027,2936,826,12,44,250,1387,86,302,76,1463,6,79,5,2,113,99,0,128,1429,59,537,581,213,981,418,0,64,160,28,253,324,1306,159,170,129,209,83,28,16,186,126,31,59,36,192,206,185,11,548,165,229,0,290,8,20,25,211,5,109,5,5,1,9,3,3,4,4,0,2,2,0,93,16,4,14,2,0,68,61,8,11,1,2,15,0,172,26,86,7338,89,52,2864,0,87,483,0,17,2,3,13,302,25,3,35,0,0,39,28,2,8,27,11,7,2,30,90,279,0,1542,2,173,21,20,12,46,5,3,115,308,3,41,3,8,75
1651,484,115,12,278,129,3740,787,876,2077,2626,3898,49,15360,23080,3078,169,0,23684,14837,503,1,0,339,291,96,1836,190,0,5,0,390,3462,4841,2,705,1118,820,8,138,81,2063,11,534,2,15,329,5141,0,4990,1019,90,2753,1248,1825,23,460,0,107,165,97,348,384,12801,128,244,42,230,328,79,52,674,454,28,171,43,517,643,234,89,574,271,461,4,645,32,59,244,263,10,1278,6,6,2,8,6,8,7,7,2,7,0,0,242,27,2,10,4,0,57,88,3,34,11,4,45,0,159,11,58,16557,75,31,2724,1,140,1107,5,39,28,9,2,518,19,2,44,1,1,37,52,3,231,16,7,12,1,18,215,176,0,831,4,288,72,27,33,41,11,2,261,85,3,114,42,63,60,3227,934,290,288,144,1740,3633,3140,1177,613,1371,763,4,966,4043,2177,404,2,6268,3818,573,6,5,863,6441,2285,3619,1822,4901,275,754,7985,6504,1296,1239,568,1742,1946,1234,1680,534,511,4,178,8,1,745,1221,1,1376,573,243,1284,261,306,54,932,0,45,95,23,696,623,5822,105,78,124,108,112,32,25,388,218,38,101,33,172,320,80,54,1008,272,547,6,662,22,28,56,225,16,117,2,3,2,7,9,7,6,8,3,3,0,0,470,23,6,14,2,1,56,96,11,52,12,3,56,0,87,23,105,18850,75,96,6160,1,101,872,1,5,1,8,7,608,67,3,28,1,0,13,33,1,62,39,11,5,1,12,161,518,0,1032,7,157,19,25,13,47,9,2,44,45,4,46,9,10,34
10,18,12,1,0,15,129,218,23,40,223,91,0,0,64,10,1,26,2701,2867,14,227,0,393,1325,500,1787,720,5,0,750,1030,1053,60,40,170,550,342,794,817,0,5,0,0,0,0,0,3,0,2,4,0,66,1,1,2,0,0,0,0,0,0,4,321,0,0,0,0,1,0,0,0,0,0,0,0,1,0,0,0,1,1,4,0,2,0,0,1,0,0,0,0,0,0,0,0,0,0,0,0,0,0,0,3,0,0,0,0,0,0,0,0,0,0,0,0,0,0,0,0,1156,0,0,498,0,0,4,0,0,0,0,0,4,0,0,0,0,0,0,0,0,0,0,0,0,0,0,1,1,0,2,0,0,0,0,0,0,0,0,1,0,0,0,0,1,0,9,14,2,1,0,13,23,14,2,0,0,4,0,0,3,18,1,0,23,4,0,1,0,0,106,49,38,25,55,0,0,154,83,9,0,0,4,5,2,2,0,4,0,0,0,0,12,15,0,17,2,1,8,4,3,1,2,0,0,0,0,1,0,21,0,0,0,0,1,0,0,0,0,0,0,0,0,0,0,0,2,1,0,0,0,0,0,0,1,0,0,0,0,0,0,0,0,0,0,0,0,0,0,0,0,0,0,0,0,0,0,0,0,0,0,0,0,0,0,0,199,1,0,33,0,1,0,0,0,0,0,0,0,0,0,0,0,0,0,0,0,0,0,0,0,0,0,1,0,0,3,0,0,0,0,0,0,0,0,0,6,0,1,0,1,0
0,5,3139,64,0,1,71,112,656,443,1802,944,0,0,200,0,0,166,5987,7405,0,850,236,626,4926,1986,1978,2202,0,750,0,3104,3441,230,1058,88,1613,584,2515,1644,0,1,0,0,0,0,0,0,0,0,1,0,5,1,0,0,0,0,0,0,0,0,0,409,0,0,0,0,0,0,0,0,0,0,0,0,0,0,0,0,0,0,0,0,0,0,0,0,0,0,1,0,0,0,0,0,0,0,0,0,0,0,0,0,0,0,0,0,0,0,0,0,0,0,0,0,0,0,0,0,5294,0,0,1824,0,0,0,0,0,0,0,0,0,0,0,0,0,0,0,0,0,0,0,0,0,0,0,0,0,0,1,0,0,0,0,0,0,0,0,0,1,0,0,0,0,0,4,3,0,0,0,1,3,1,19,0,2,1,0,0,3,0,0,0,9,3,0,0,0,1,13,10,9,6,0,0,0,9,2,1,0,0,0,1,0,0,0,0,0,0,0,0,0,0,0,0,0,0,1,0,0,0,0,0,0,0,0,0,1,1,0,0,0,0,0,0,0,0,0,0,0,0,0,0,0,0,1,1,1,0,1,0,0,0,0,0,0,0,0,0,0,0,0,0,0,0,0,0,0,0,0,0,0,0,0,0,0,0,0,0,0,0,0,0,0,0,17,0,0,6,0,0,1,0,0,0,0,0,1,0,0,0,0,0,0,0,0,0,0,0,0,0,0,0,0,0,1,0,1,0,0,0,0,0,0,0,0,0,0,0,0,0
2739,3300,1436,1231,1018,515,3065,4562,1756,418,867,225,1,5852,21022,780,229,52,23904,19378,306,425,24,601,4249,5877,3184,3020,390,1030,3104,0,1527,375,217,372,1345,621,3293,4386,132,1333,10,167,4,14,310,557,0,461,1543,173,572,733,411,844,706,0,165,316,96,599,419,3526,259,440,315,438,383,27,75,833,727,26,65,27,318,941,108,101,473,349,326,2,538,44,104,131,291,4,316,4,5,1,11,9,18,6,8,8,6,0,0,237,26,9,18,3,2,77,98,2,37,24,13,48,0,407,17,249,4533,232,496,6177,2,408,1249,8,53,20,17,6,367,44,8,35,7,2,49,64,4,160,31,14,13,1,50,483,554,0,1007,3,191,32,18,11,185,28,6,159,220,5,123,38,72,77,4928,3282,503,457,147,1729,1910,1875,1435,109,432,416,0,107,3686,1017,169,4,9528,4055,538,56,1,317,9882,4931,5874,4200,5073,45,214,14924,7477,1264,100,63,365,690,113,374,157,1782,23,254,29,16,311,419,1,373,2238,314,1113,636,544,1005,905,0,242,444,58,816,647,3963,476,436,363,514,283,133,38,981,665,86,374,100,696,864,449,82,1233,440,391,5,843,33,66,125,434,13,240,8,8,1,14,6,11,7,7,2,4,2,0,193,41,6,24,3,1,95,113,15,40,11,7,45,0,379,38,430,18295,519,197,8557,0,684,1325,6,29,5,11,33,483,64,4,51,1,0,46,54,2,92,49,21,13,3,40,353,622,1,1919,8,317,91,52,47,116,16,3,218,333,5,209,19,65,147
3818,3729,1707,1416,362,762,7895,6748,2425,669,944,409,0,117,2745,3808,950,51,6871,2838,514,327,23,734,4670,7299,3636,4585,3462,1053,3441,1527,0,668,226,382,1874,675,4092,4739,108,1821,3,493,3,7,1009,2389,0,921,1672,123,1239,985,994,337,825,0,150,293,90,645,339,8380,203,289,183,300,293,45,69,587,491,18,104,23,348,628,116,73,466,260,298,2,467,31,88,118,212,2,760,4,4,2,16,5,19,5,6,9,6,0,0,204,26,8,19,3,2,36,49,3,24,10,15,25,0,399,10,156,13386,165,221,10438,1,368,920,3,29,25,11,2,319,27,7,27,6,4,24,50,2,152,24,11,17,1,42,309,622,0,1140,3,144,48,14,24,81,23,7,142,245,4,106,22,61,45,4753,3215,760,709,254,3798,6854,4884,2464,254,1735,977,1,1606,4722,1922,277,3,10964,5016,913,64,0,1453,14200,7097,8396,6008,8362,663,2499,21762,14224,2394,895,194,1488,2610,329,1618,474,2293,31,290,32,16,596,1004,0,925,2154,174,2150,992,779,1115,1236,0,224,430,62,1500,437,6207,503,463,268,577,229,95,24,745,476,52,313,71,507,562,301,49,1847,317,203,3,583,25,49,106,265,3,210,5,6,0,15,3,13,5,4,4,3,1,0,113,38,5,28,5,1,31,41,5,21,6,7,26,0,449,19,367,32954,490,83,10835,1,611,842,5,23,1,5,27,253,34,2,24,0,0,10,40,1,62,29,11,14,3,33,408,671,1,2993,10,172,76,31,35,69,13,2,125,436,3,193,11,62,194
2120,1148,905,46,960,850,1790,1454,1329,544,1260,2393,0,27,5348,4973,5078,0,4795,491,1334,1,0,21,330,313,272,255,4841,60,230,375,668,0,292,120,770,385,692,780,3543,1297,3,210,17,17,7379,1090,3,2019,969,89,1172,1264,1403,34,5271,0,295,717,101,718,452,1931,673,768,206,927,182,70,73,671,163,111,73,96,204,359,71,91,1209,141,150,1,355,63,95,89,425,75,1197,8,8,1,33,3,25,22,12,15,5,1,0,172,108,20,51,9,16,49,42,9,37,15,46,34,0,1372,39,281,5220,272,170,1759,1,316,492,56,311,6,35,18,155,24,25,39,23,3,33,52,4,53,32,13,68,4,118,315,1519,2,1332,13,106,86,70,59,301,17,10,108,888,8,205,14,45,110,727,268,79,55,97,416,1624,1113,1136,1435,1143,1139,0,539,1997,1161,83,0,2034,1458,783,0,0,380,465,281,176,66,1142,40,151,1262,1234,2939,253,90,483,1260,194,724,311,627,96,257,58,47,80,202,0,476,3008,135,3051,383,745,23,2974,0,742,1756,140,2699,3291,6977,3824,1685,2588,2827,145,397,102,1608,994,454,207,714,470,2137,540,58,1091,409,576,1,1036,69,52,69,963,43,176,6,6,6,42,14,26,8,5,22,3,2,0,279,169,7,112,7,2,79,87,38,79,2,28,54,0,2607,564,1123,10949,372,1873,1734,0,157,3547,18,352,16,26,322,1121,75,4,51,1,0,43,101,4,19,41,19,40,11,66,1306,388,8,503,23,500,441,263,236,699,25,19,80,793,3,323,9,25,332
8,7,315,0,0,0,32,1,7,374,885,101,0,0,0,2,0,13,564,564,0,0,1457,2587,3235,839,82,96,2,40,1058,217,226,292,0,271,1749,1963,751,366,0,0,0,0,0,0,0,2,0,0,4,0,110,0,0,0,1,0,4,4,0,4,0,6,0,0,1,1,0,0,0,0,0,0,0,0,0,0,0,0,0,0,0,0,0,0,0,0,0,0,0,0,0,0,0,0,0,0,0,0,0,0,0,0,0,0,0,0,0,0,0,0,0,0,0,0,0,1,0,4,1866,4,0,718,0,0,0,0,0,0,0,0,0,0,0,0,0,0,0,0,0,0,0,0,0,0,0,4,0,0,0,0,0,0,0,0,0,0,0,0,0,0,0,0,0,0,1,7,0,0,7,25,39,493,0,0,0,0,0,1,1,0,0,0,2,1,0,0,0,0,0,0,0,0,1,0,0,1,0,57,1,1,37,80,1,463,0,0,0,0,0,0,0,0,0,0,0,0,52,0,0,0,0,0,4,5,0,4,0,1,1,0,0,1,0,0,0,3,0,0,0,0,0,0,0,0,25,0,0,0,0,0,0,0,0,0,0,0,0,0,0,0,0,0,0,0,0,0,0,0,0,0,0,0,0,0,0,0,0,0,0,0,0,5,0,0,508,4,1,512,0,0,1,0,0,0,0,0,0,0,0,0,0,0,0,0,0,0,0,0,0,0,0,1,0,0,25,0,0,0,0,0,0,0,0,0,7,0,0,0,0,0
45,1,67,0,0,0,0,0,8,16,263,133,0,0,320,327,349,2,1243,933,25,3,75,480,268,196,546,192,705,170,88,372,382,120,271,0,2332,418,222,24,476,5,0,0,0,0,785,103,0,212,16,0,33,1,2,0,513,0,10,12,0,13,0,8,0,5,0,0,0,0,0,0,0,0,0,0,0,0,0,0,0,0,0,0,0,0,0,0,0,0,0,0,0,0,0,0,0,0,0,0,0,0,0,0,0,0,0,0,0,0,0,0,0,0,0,0,0,16,0,10,412,9,0,41,0,0,0,0,0,0,0,0,0,0,0,0,0,0,0,0,0,0,0,0,0,0,0,12,17,0,0,0,0,0,0,0,0,0,0,0,0,0,0,0,0,0,15,2,0,0,2,2,2,10,54,0,0,1,0,195,180,31,4,0,348,117,8,0,0,0,0,2,0,0,247,0,0,160,53,5,0,1,4,5,1,6,2,1,0,1,0,0,0,16,0,9,1,0,5,1,1,0,25,0,3,8,0,2,0,126,8,0,8,0,0,0,0,0,0,0,0,0,0,8,0,0,2,0,0,0,0,0,0,0,0,0,1,0,0,0,0,0,0,0,0,0,0,0,0,0,0,0,0,0,0,0,0,0,0,0,0,0,0,10,0,0,549,0,8,67,0,0,8,0,0,0,0,0,0,0,0,0,0,0,0,0,0,0,0,0,0,0,0,0,1,0,3,0,0,0,0,0,0,0,0,0,1,0,0,0,0,0
218,68,2227,14,10,347,139,193,344,759,2885,1495,0,1,819,755,795,224,3566,3428,184,53,1773,3258,5621,2111,1079,848,1118,550,1613,1345,1874,770,1749,2332,0,2121,883,660,1485,237,72,14,12,54,2117,297,0,889,300,11,56,106,12,64,1980,0,159,276,2,205,17,1076,165,189,36,264,6,1,3,27,6,5,1,6,8,18,5,2,649,99,6,0,3,3,5,1,35,4,287,1,1,0,3,1,2,1,0,0,1,0,0,13,4,0,2,1,0,6,7,1,5,2,2,4,0,623,1,159,5159,145,11,1374,0,39,27,1,7,1,0,1,15,37,0,10,0,0,5,7,1,3,2,2,4,0,149,176,146,0,172,0,4,1,5,2,14,4,2,2,37,1,8,1,4,87,68,59,3,0,53,156,196,272,165,46,320,56,0,265,321,185,8,0,516,217,49,0,0,1066,18,15,14,11,878,0,0,695,259,983,1064,23,858,1275,57,133,14,114,2,6,1,1,3,36,0,17,63,3,1054,98,132,0,729,0,105,142,3,122,74,1196,335,131,502,895,5,2,2,59,14,6,4,29,10,84,30,1,210,32,10,0,13,2,2,1,26,3,361,0,0,0,1,0,1,0,0,0,0,0,0,17,0,0,1,0,0,16,19,0,10,1,0,9,0,988,34,13,3531,77,63,383,0,7,111,0,5,4,0,28,26,1,0,11,0,0,5,7,0,1,1,2,2,0,18,27,20,0,149,0,4,2,3,3,12,1,0,0,40,0,13,0,2,7
156,103,156,3,12,25,64,108,101,358,612,1559,0,0,434,388,474,5,3051,2733,90,36,276,1228,627,743,1152,375,820,342,584,621,675,385,1963,418,2121,0,1871,584,989,63,0,9,0,0,1328,117,0,349,118,9,67,41,8,2,1057,0,82,94,0,107,31,522,6,32,15,17,1,0,0,13,5,2,1,2,2,11,0,0,9,1,0,0,2,0,0,0,9,1,17,0,0,0,1,0,0,1,2,0,0,0,0,0,0,1,0,0,1,4,2,1,1,3,1,5,0,66,1,84,1890,87,5,549,0,12,13,0,5,0,2,1,3,0,1,4,1,0,4,10,2,1,1,0,1,0,1,91,53,0,21,0,0,0,1,0,4,0,0,0,1,1,1,0,0,1,44,97,3,0,94,115,138,372,69,110,386,96,0,249,232,58,19,0,413,152,34,0,0,1058,15,6,3,8,771,0,1,616,145,181,1061,39,821,1179,97,282,23,95,5,31,7,3,0,22,0,13,76,2,119,86,27,4,134,0,38,131,3,95,184,342,123,84,33,86,2,4,1,33,7,13,3,20,3,45,8,1,93,3,29,0,14,0,0,1,39,1,4,0,0,1,3,0,1,0,0,2,0,0,0,8,2,0,3,1,1,23,5,0,0,5,2,17,0,55,8,45,2685,41,25,491,0,20,75,0,16,0,1,5,35,0,1,23,0,0,23,9,0,0,1,0,0,1,3,47,23,1,130,1,6,5,13,4,19,2,0,1,79,0,9,0,1,9
969,20,6072,187,0,0,54,221,3170,2438,4461,1705,0,0,9,9,1,1525,5259,7036,31,2395,968,2468,8580,2994,1591,1974,8,794,2515,3293,4092,692,751,222,883,1871,0,421,7,0,0,0,0,0,8,8,0,8,32,0,111,0,0,0,21,0,32,32,0,32,0,325,0,11,15,15,0,0,0,0,0,0,0,0,0,0,0,0,0,0,0,0,0,0,0,0,0,0,0,0,0,0,0,0,0,0,0,0,0,0,0,0,0,0,0,0,0,0,0,0,0,0,0,0,0,27,0,32,9004,32,0,2405,0,0,0,0,0,0,0,0,0,0,0,0,0,0,0,0,0,0,0,0,0,0,0,32,0,0,0,0,0,0,0,0,0,0,0,0,0,0,0,0,0,0,965,21,153,6,19,50,73,200,1245,0,202,1,0,5,736,0,0,4,749,997,131,14,0,249,2,2,1,9,8,0,5,9,3,99,250,1,184,356,14,151,0,0,0,0,0,0,0,0,0,0,0,0,92,0,0,0,0,0,33,37,0,32,0,2,5,0,3,1,0,0,0,20,0,0,0,0,0,3,0,0,49,0,0,0,0,0,0,0,0,0,0,0,0,0,0,0,0,0,0,0,0,0,0,0,0,0,0,0,0,0,0,0,0,0,0,0,0,37,0,0,1408,32,4,512,0,0,4,0,0,0,0,0,0,0,0,0,0,0,0,0,0,0,0,0,0,0,0,1,0,0,48,0,0,0,0,0,0,0,0,0,19,0,0,0,0,0
