0,6038,2572,1886,4106,1571,7677,4133,2356,251,59,177,21,634,978,1434,976,0,1492,2176,993,452,0,105,135,160,574,147,1154,5,28,734,954,496,40,37,178,61,209,822,594,4389,370,1880,1459,285,909,640,0,1156,5547,547,1160,1508,1436,3586,3130,0,441,1285,71,3565,323,3923,746,1606,110,917,199,116,49,883,419,49,215,67,367,551,180,86,5061,196,172,5,407,35,53,83,270,13,203,1,0,1,7,4,23,2,5,7,5,0,0,120,21,5,24,0,1,49,46,3,20,1,9,17,0,599,20,2507,10425,1213,119,2452,11,1599,671,5,281,17,15,27,198,28,3,35,3,1,32,45,0,82,18,10,12,2,25,2457,3508,0,2486,5,135,105,56,34,74,9,12,94,5668,3,121,23,50,554,8627,4622,1185,964,4128,2188,9817,5035,4061,147,77,675,5,1309,16752,808,406,0,15972,16260,5087,835,16,47,1801,1831,3297,262,5994,25,55,5893,802,171,40,36,138,100,92,1259,1598,1481,13,929,35,46,933,139,2,321,2967,1064,648,970,1157,233,1302,0,343,463,70,2278,276,2878,262,238,86,479,238,45,184,936,567,40,137,79,363,803,151,197,2811,385,152,3,691,29,22,81,633,8,218,5,8,1,18,2,24,4,5,23,3,1,0,134,46,10,55,1,4,30,31,5,20,10,32,26,0,298,91,762,16113,166,421,7444,0,174,920,8,51,28,23,15,246,12,11,25,13,4,14,38,7,173,23,11,29,12,32,269,520,7,591,5,125,177,33,76,69,5,8,211,5008,3,270,13,25,74
6038,0,2294,1453,5806,2284,7082,4265,6235,0,1,17,13,377,2095,857,686,0,2400,5241,557,103,0,13,1137,994,928,435,253,19,21,333,516,142,0,0,16,2,41,228,261,5618,3,2177,1257,2,427,402,0,662,6365,555,685,1967,1038,4144,863,0,238,264,48,4198,121,1734,70,156,61,56,104,74,37,504,346,30,174,37,245,416,134,55,4785,148,82,3,265,14,20,62,156,7,137,0,0,0,2,1,9,0,2,3,0,0,0,73,14,2,13,0,1,17,24,1,9,0,2,8,0,265,18,3478,11075,1041,79,3122,8,1737,449,4,89,6,10,22,100,12,0,13,1,1,11,19,0,67,9,2,5,1,8,2676,6045,0,4694,2,89,64,29,20,55,6,12,60,5792,1,68,22,20,23,1476,3755,1153,1132,2874,2492,8903,5529,4122,56,34,19,4,2,748,238,62,0,901,3779,2557,610,13,39,180,153,131,43,33,0,20,91,49,86,34,14,75,62,36,1061,1099,677,3,445,31,37,22,17,1,124,1730,992,355,542,490,117,409,0,210,272,28,2150,141,918,163,96,33,74,142,30,64,546,326,11,75,27,152,417,77,75,2503,265,65,1,394,9,5,41,364,3,152,0,1,1,0,0,3,1,1,8,2,0,0,50,23,4,22,0,3,11,14,2,9,4,10,11,0,87,45,509,5418,115,269,1520,0,93,492,6,30,2,14,9,115,6,5,9,7,2,8,15,1,72,6,3,7,4,8,158,269,3,353,1,57,91,8,42,41,1,3,85,4037,1,158,4,6,51
2572,2294,0,3969,521,826,3657,7670,3853,0,0,0,0,9,583,48,25,811,2736,7526,549,4704,34,119,200,24,15,1307,2,0,1263,2,25,15,0,0,481,118,2022,3748,44,102,0,32,25,0,29,11,0,36,90,42,26,242,60,100,31,0,4,4,3,643,6,100,2,3,2,3,6,0,3,17,12,0,1,2,10,17,4,8,314,45,4,0,12,0,1,2,9,0,1,0,0,0,0,0,0,0,0,0,0,0,0,5,0,1,1,0,1,0,0,0,0,0,0,0,0,4,0,50,4339,50,2,1533,0,70,18,0,2,0,3,2,3,0,0,0,0,0,0,0,0,7,1,0,0,0,1,38,2919,0,361,0,5,1,0,1,4,1,3,5,830,0,4,4,0,0,1474,2217,1532,1832,225,102,5466,4407,4742,1,2,1,0,0,873,9,3,0,843,4987,2555,658,0,1,6,3,5,4,5,0,1,7,9,3,0,2,5,8,1,899,1092,89,0,50,0,0,1,7,1,7,337,728,23,290,63,2,16,0,2,2,3,1235,8,94,3,1,0,1,11,1,8,44,34,0,5,1,12,39,4,7,75,32,7,0,41,0,0,5,18,0,6,0,0,0,0,0,0,1,0,1,0,0,0,7,3,2,5,0,1,0,0,0,0,0,3,0,0,2,1,16,4249,2,29,1185,0,7,39,0,3,0,3,0,10,0,0,0,2,0,0,0,0,7,1,1,1,1,1,5,537,1,286,0,7,7,0,2,3,0,0,8,661,0,2,0,0,0
1886,1453,3969,0,101,730,1270,3697,5211,0,0,0,0,1,4146,16,2,121,2759,4425,544,1166,0,0,184,115,115,251,1,0,139,2,32,8,0,0,0,0,93,1151,32,14,0,2,0,0,7,4,0,18,8,2,8,8,10,6,8,0,1,1,1,430,1,61,1,1,0,1,0,0,1,0,0,0,0,0,1,1,0,1,223,0,0,0,1,0,0,0,1,0,0,0,0,0,0,0,0,0,0,0,0,0,0,1,0,0,0,0,0,0,0,0,0,0,0,0,0,1,0,0,6429,2,0,3470,0,2,1,0,0,0,0,0,1,0,0,0,0,0,0,0,0,1,0,0,0,0,0,0,2330,0,7,0,0,0,0,0,0,0,1,1,431,0,0,0,0,0,1418,526,1688,1397,4,58,2945,2201,4467,0,0,0,0,0,1077,4,1,0,1085,4568,2034,637,0,0,17,15,16,10,5,0,1,20,15,1,0,0,10,20,1,1140,721,84,0,0,0,0,1,6,0,4,499,466,40,530,24,18,3,0,0,0,0,732,0,39,1,0,0,0,0,0,0,0,0,0,0,0,0,0,0,0,14,0,0,0,0,0,0,0,0,0,22,0,0,0,0,0,0,0,0,0,0,0,0,0,0,0,0,0,0,0,0,0,0,0,0,0,0,0,0,0,4132,1,0,1683,0,11,0,0,0,0,0,0,0,0,0,0,0,0,0,0,0,0,0,0,0,0,0,0,535,0,535,0,0,0,0,0,0,0,0,0,4,0,0,0,0,0
4106,5806,521,101,0,212,1277,680,3659,1,1,6,3,183,3269,499,478,0,4687,4685,116,4,0,8,2714,2088,1903,818,74,1,1,1020,1371,123,0,1,13,3,2,20,290,2178,4,1561,665,3,463,162,0,496,2285,302,302,1061,554,745,896,0,75,98,38,2523,92,1295,43,155,40,61,111,23,25,249,165,26,31,27,141,228,72,52,688,155,68,5,191,23,20,59,117,8,131,1,1,1,3,0,8,1,1,2,1,0,0,62,12,3,13,0,2,17,20,0,6,0,1,6,0,240,12,2102,6261,495,77,4801,5,1075,240,3,16,13,10,17,74,12,2,12,2,0,10,23,1,47,11,3,6,3,18,1746,2987,0,1564,2,72,19,21,5,71,7,7,41,638,1,64,22,28,10,349,370,171,146,800,8,732,48,796,145,20,22,8,17,215,314,139,0,444,1087,747,167,0,18,184,71,153,22,233,1,7,733,486,112,8,10,36,34,7,183,403,316,4,394,0,7,174,108,2,230,764,427,260,168,528,4,530,0,102,122,49,1054,163,1296,138,105,28,86,149,34,68,552,416,167,59,170,138,559,71,66,444,265,89,2,419,10,19,44,265,4,57,0,2,2,3,0,8,1,1,8,2,0,0,70,20,6,23,1,3,11,11,0,10,2,12,9,0,85,69,172,2631,105,248,223,0,126,625,5,38,2,25,6,152,10,1,9,5,1,6,12,2,52,9,5,11,5,17,57,93,1,43,6,85,82,164,134,108,16,4,79,326,0,86,5,3,21
1571,2284,826,730,212,0,1687,1113,1885,22,1,15,0,4,1197,243,244,0,2197,3096,55,28,0,6,1641,1264,1158,735,34,26,33,419,532,369,1,1,551,119,5,652,229,356,15,74,59,38,514,183,0,249,427,26,581,442,199,53,767,0,141,150,11,373,98,1252,170,272,59,223,34,36,14,146,20,32,11,306,18,74,4,15,499,77,30,2,57,6,14,14,104,5,257,3,1,1,3,1,3,2,3,0,3,0,0,26,7,1,7,1,0,21,6,2,2,1,2,5,0,201,20,171,5083,130,25,3558,0,39,97,0,7,4,1,167,47,6,1,23,0,1,24,14,0,17,5,3,6,0,8,130,1366,0,267,2,16,62,9,116,43,6,4,9,332,2,37,6,5,50,343,295,218,717,54,118,3633,2412,1140,387,24,28,2,4,2224,190,26,0,2396,3430,1084,214,0,2,84,75,120,60,144,4,22,201,193,89,2,2,48,112,0,2281,573,285,0,28,0,0,22,129,0,124,1996,387,148,1592,110,62,232,0,74,79,32,769,261,941,88,37,35,31,28,24,24,180,121,139,23,183,82,271,174,7,398,43,152,2,325,6,15,14,355,1,104,0,1,1,3,1,3,2,3,2,1,2,1,42,16,2,19,0,0,13,8,0,5,1,4,5,0,42,130,113,5638,28,58,3790,0,65,497,1,24,1,12,53,320,10,0,17,0,0,3,9,1,1,14,6,7,2,8,55,117,0,1590,1,115,56,149,101,72,21,0,22,145,0,39,1,2,2
7677,7082,3657,1270,1277,1687,0,2046,7891,25,84,49,10,705,7396,3403,1442,0,9961,8573,282,76,0,580,4482,3166,2904,1629,1987,49,99,1744,2553,513,83,27,549,153,186,213,515,4196,6,2289,1229,4,1555,1791,0,2663,4906,620,1225,1369,1330,1461,1585,0,591,358,374,4104,1022,6710,441,425,168,313,591,269,344,1532,897,101,151,194,1778,1859,875,486,2668,724,591,58,1469,139,118,227,998,28,366,11,9,3,37,7,65,15,26,22,15,3,0,469,83,16,86,11,3,116,99,13,45,5,43,44,0,515,204,3436,17321,963,162,8029,8,1735,2127,15,39,77,20,22,835,112,12,107,4,9,102,177,2,420,58,18,50,4,71,3014,6311,1,1730,21,531,231,94,182,192,22,145,604,1739,13,552,112,198,38,2262,1177,1318,1688,556,919,5242,4016,3502,785,184,455,14,167,3847,1737,375,1,4666,6682,2287,678,6,59,784,476,957,698,1777,69,187,1770,1822,1111,94,53,688,1054,79,3140,849,1431,8,689,3,11,321,897,1,1041,3672,963,1545,2270,1026,303,1542,0,338,452,139,2380,955,4862,626,493,286,601,383,158,200,1141,657,350,166,398,382,1015,341,166,1525,537,378,6,1075,42,86,106,1026,16,611,4,8,2,28,9,44,9,17,59,20,3,1,318,120,23,107,5,5,64,97,3,66,24,64,82,0,356,246,450,12190,143,383,5252,0,420,1482,14,79,7,52,32,663,69,20,76,20,7,29,92,9,85,86,28,51,38,95,352,601,5,2249,30,278,219,341,330,218,44,30,206,609,7,295,18,17,55
4133,4265,7670,3697,680,1113,2046,0,6458,53,26,75,1,492,5876,1642,1310,111,8923,6679,653,387,0,133,4975,3719,3960,3500,1113,27,193,1602,2861,627,12,7,568,147,130,1674,603,778,17,277,160,38,1243,1040,0,1054,1267,239,1483,357,637,355,1679,0,599,480,214,1450,1113,4636,575,788,304,908,502,72,168,750,199,60,66,297,475,585,290,247,1527,495,497,40,638,125,196,126,585,32,471,7,7,3,34,10,65,5,12,14,11,0,0,313,78,8,84,15,1,87,86,5,38,5,41,32,0,638,109,521,15284,333,125,6085,1,366,910,18,38,100,12,145,570,78,13,65,8,4,63,141,3,160,41,21,47,12,74,505,3327,2,631,18,377,94,31,121,129,36,30,317,452,7,488,75,242,76,1794,914,2366,2149,122,419,4816,4299,4472,1342,620,935,13,52,3327,887,228,0,3546,6675,2438,706,9,166,319,241,305,244,627,9,72,452,601,1155,98,220,465,719,750,4006,1019,924,8,503,7,9,222,318,1,555,3376,909,901,2110,742,200,1240,0,371,468,138,1888,1443,3970,1045,579,828,1298,313,131,185,840,486,449,151,545,378,936,524,92,1010,478,571,5,1003,53,107,59,1020,23,548,5,9,6,33,8,66,10,16,58,33,4,1,334,151,18,128,3,6,65,63,3,77,13,72,60,0,946,423,345,11668,101,214,6183,0,161,1502,21,66,10,53,123,894,72,15,70,13,5,26,108,9,39,77,20,57,37,92,365,702,10,1922,34,438,174,457,338,237,55,24,145,188,10,242,15,29,65
2356,6235,3853,5211,3659,1885,7891,6458,0,109,38,3,0,152,727,515,431,523,3114,3979,1006,3312,27,98,116,15,8,1267,117,1,841,7,82,189,0,21,712,102,2572,3030,393,3887,100,1322,559,119,1090,155,0,476,4397,181,320,1234,438,2636,940,0,296,526,113,2527,717,3577,229,698,111,280,573,32,86,518,165,19,39,31,330,382,113,185,4156,285,381,20,639,91,139,194,423,17,130,3,2,0,3,7,19,1,3,4,5,0,0,219,19,3,16,0,1,50,67,2,29,0,3,23,0,257,9,1539,8062,415,74,3090,6,497,739,3,55,9,15,8,417,46,3,39,2,2,27,75,0,74,23,16,10,1,22,1799,2226,0,1974,5,279,26,23,7,45,13,17,174,4963,2,330,28,93,126,3114,2498,1431,1858,1513,666,7064,3661,7105,146,111,696,3,35,13164,613,1290,0,6302,14244,9683,831,2,38,58,20,83,108,147,25,36,91,141,131,16,63,147,98,93,1142,6071,376,13,385,1,18,986,56,3,157,924,1052,153,265,387,36,1047,0,271,287,203,2464,457,3010,143,215,39,509,361,27,112,469,267,11,59,32,298,389,171,164,1253,573,342,5,773,29,141,184,454,12,76,0,1,1,7,6,12,2,7,9,2,2,0,312,44,10,24,0,4,38,77,1,74,8,13,70,0,267,83,285,9889,47,218,2483,0,34,741,10,31,4,18,3,439,51,5,46,6,1,14,44,10,80,27,12,19,4,21,319,645,1,281,2,297,70,12,27,34,32,8,217,2048,2,276,17,19,33
251,0,0,0,1,22,25,53,109,0,529,555,0,3798,7171,5827,6954,0,6871,1630,540,0,46,11,5,48,0,6,4905,0,14,27,160,502,50,21,312,180,173,333,1227,88,13,37,58,13,6402,853,0,291,116,0,35,17,20,2,6702,0,19,63,14,324,1431,2739,99,980,488,1156,48,2,8,54,29,0,2,0,70,82,14,18,63,14,58,1,58,4,7,31,38,3,13,0,0,0,0,1,1,0,0,0,0,0,0,18,3,0,5,0,0,11,10,0,3,0,1,3,0,785,1,65,436,9,21,294,0,24,132,1,0,1,0,0,59,8,0,10,0,0,10,9,0,20,2,1,2,0,3,266,301,0,13,0,36,1,0,0,0,0,2,33,1,0,20,6,12,13,909,1,1,3,2,2,36,197,4,70,19,173,0,44,954,446,7,0,969,905,3,0,0,2,8,7,26,49,555,0,6,165,385,1293,1,2,7,5,84,211,5,8,2,1,0,3,14,73,0,313,48,0,307,11,8,1,1276,0,38,18,8,97,73,1895,164,44,1164,1319,22,0,9,43,8,3,0,4,11,15,13,7,16,13,23,0,35,1,11,5,44,2,7,0,0,0,3,1,9,0,1,0,4,0,0,21,3,0,0,0,0,6,8,0,3,3,1,6,0,1259,17,20,3325,18,30,687,0,1,75,1,3,0,1,0,33,3,0,7,0,0,3,1,0,1,2,2,3,0,3,20,1,0,5,0,10,3,3,4,8,3,6,10,2,0,9,1,1,24
59,1,0,0,1,1,84,26,38,529,0,317,0,3178,4723,4342,5090,0,4746,193,264,0,41,385,1009,35,2,2,3952,0,26,357,488,457,75,101,613,801,347,276,904,131,81,66,81,80,4042,859,0,26,301,1,18,15,25,1,5903,0,118,175,57,227,1378,1439,336,1169,249,879,64,7,79,69,56,9,9,4,78,87,35,31,263,350,262,1,291,6,47,126,178,23,33,1,1,1,11,1,15,5,6,4,5,1,0,140,67,4,23,3,0,46,37,9,38,2,10,30,0,887,64,161,1183,51,20,928,0,69,316,2,1,1,2,0,251,44,4,38,1,1,31,38,3,25,13,5,14,1,19,408,348,0,13,9,253,8,7,3,9,4,15,51,0,2,29,7,4,102,19,11,8,7,6,42,172,832,37,54,76,87,0,0,36,50,29,0,20,65,27,3,1,30,27,17,14,12,3,1,4,4,5,556,21,42,121,144,300,813,34,134,2,11,0,1,1,2,0,6,171,8,141,124,25,22,514,0,80,80,33,141,229,738,141,88,486,528,63,6,76,86,18,13,9,13,68,61,39,33,283,237,158,2,305,6,19,14,216,17,99,2,3,1,15,3,11,4,6,5,1,6,0,231,69,11,17,2,0,20,113,1,123,12,10,123,0,526,31,16,1382,14,24,981,0,14,203,0,2,2,2,0,239,38,5,87,2,0,8,21,23,15,26,10,18,4,21,52,21,2,53,5,221,5,12,8,13,6,21,56,4,1,45,8,3,7
177,17,0,0,6,15,49,75,3,555,317,0,0,4063,5459,3578,6073,0,5701,606,108,0,23,365,87,437,358,12,4062,353,9,29,159,413,29,6,30,48,199,245,2391,110,18,19,35,21,5905,130,0,232,248,76,59,79,270,1,5447,0,18,62,12,322,147,1264,67,605,76,959,30,0,4,30,11,0,0,0,33,41,6,8,28,11,42,0,40,4,8,18,26,1,6,0,0,0,0,0,1,0,0,0,0,0,0,15,1,0,5,0,0,7,7,0,2,0,1,2,0,284,1,47,195,180,23,177,0,194,83,1,1,2,0,0,43,3,0,7,0,0,7,7,0,4,2,0,2,0,2,165,979,0,10,0,21,0,0,0,1,1,0,19,11,0,14,2,8,20,572,6,0,4,10,9,63,18,14,129,67,433,3,31,648,955,117,0,666,615,14,0,1,1,24,14,28,37,489,1,8,75,403,5714,8,0,4,1,5,13,4,20,6,139,1,5,91,142,0,432,336,56,4162,37,230,2,4629,0,87,52,2,258,134,6756,2018,142,3317,5804,10,0,2,83,3,0,0,1,7,22,6,1,14,11,7,0,14,1,7,2,20,0,4,0,0,0,2,1,5,0,1,0,2,0,0,13,2,0,0,0,0,3,5,0,3,3,0,6,0,5632,54,76,7868,176,95,372,0,93,115,0,1,0,1,0,14,3,0,6,0,0,2,1,0,0,2,2,2,0,2,25,3,0,26,0,5,1,0,1,1,2,0,2,3,0,3,0,0,41
21,13,0,0,3,0,10,1,0,0,0,0,0,236,459,1299,492,0,265,12,2,0,0,0,1,0,0,2,336,0,0,7,161,3,0,0,0,1,0,0,28,71,0,6,2,2,1,298,0,52,31,8,57,12,63,1,65,0,8,12,2,23,3,64,8,0,1,1,4,0,2,9,2,1,0,1,2,4,1,3,1,2,3,0,3,2,1,0,6,1,4,0,0,0,0,0,1,0,0,0,0,0,0,4,2,0,1,0,0,0,1,0,1,0,1,0,0,2,1,14,225,18,1,36,42,23,6,0,0,0,1,0,3,1,0,0,0,0,0,1,0,1,0,0,2,0,1,2,7,0,3,1,1,0,0,1,3,1,0,2,1,0,3,0,2,0,42,51,0,0,0,0,8,0,12,5,0,2,0,4,45,38,6,0,57,43,5,0,0,0,314,193,155,4,167,0,4,640,397,28,0,0,0,2,0,0,5,1,0,2,0,0,4,34,0,9,15,0,29,2,1,0,37,0,5,0,1,11,8,147,3,0,9,1,6,1,4,39,39,13,2,1,8,40,6,6,1,3,6,1,12,4,0,0,13,1,4,1,1,1,1,0,2,1,0,1,1,0,0,7,4,0,3,0,0,1,2,0,0,0,1,0,0,0,2,1,840,2,10,89,0,1,42,0,0,1,1,0,7,0,0,0,0,0,0,4,0,5,1,0,3,1,3,2,0,0,0,1,6,1,1,0,0,1,0,2,0,0,5,2,2,0
634,377,9,1,183,4,705,492,152,3798,3178,4063,236,0,12364,4967,155,0,11564,3723,83,6,0,189,829,2796,4898,97,18813,9,53,5305,4476,4781,42,72,75,320,61,145,24,1381,0,160,41,12,105,7069,0,8211,961,432,2068,1050,1363,107,89,0,129,184,17,806,61,9530,71,18,30,16,49,13,14,127,37,6,11,9,53,96,32,27,128,47,42,3,88,10,13,10,72,1,232,0,0,0,2,1,7,1,2,3,0,0,0,31,13,1,12,0,0,17,8,1,3,0,7,5,0,76,11,257,11512,499,30,846,25,620,132,0,2,4,1,0,51,12,0,15,1,0,14,17,0,8,7,1,11,1,9,135,529,0,556,3,28,11,5,4,22,3,2,17,72,1,36,3,12,8,604,129,39,36,75,102,307,247,205,146,101,32,0,607,489,151,20,3,858,546,95,4,2,8,375,203,374,87,2063,3,19,2038,827,436,5,27,73,197,7,52,10,593,0,212,3,1,13,111,0,57,658,107,358,268,427,49,218,0,193,149,60,623,291,780,179,168,37,143,57,23,72,177,80,45,26,90,53,161,35,40,157,44,42,0,129,19,17,13,169,2,23,1,1,1,10,1,9,2,5,12,0,1,0,77,36,1,35,2,0,6,5,0,4,4,15,6,0,101,75,161,3408,107,111,628,0,120,233,4,25,8,6,21,68,4,1,6,0,3,1,25,0,11,8,1,15,7,17,96,103,3,132,8,22,42,36,64,33,14,17,52,40,2,76,11,8,13
978,2095,583,4146,3269,1197,7396,5876,727,7171,4723,5459,459,12364,0,6180,401,8,12521,10389,366,6879,0,368,13332,24209,27715,9535,34963,24,355,11092,4959,8656,167,165,847,565,5497,8329,187,2970,18,293,72,11,3175,7969,0,9583,2076,172,4356,1363,1201,1486,1741,0,309,305,158,739,1931,24100,224,676,121,582,673,62,141,574,189,28,63,33,393,473,155,193,2378,407,575,22,856,95,178,240,619,41,310,3,2,0,6,17,35,3,9,9,8,0,0,373,60,4,37,2,0,164,149,6,47,6,13,50,0,182,35,381,28949,231,82,11483,18,320,1116,5,15,9,10,0,720,106,4,99,3,3,79,116,0,52,52,39,21,2,54,501,850,0,2626,10,424,55,25,18,57,13,12,224,2751,5,396,15,120,25,4756,196,83,110,87,188,2355,834,3591,646,647,1379,7,3122,20105,1760,1906,2,17561,17826,6343,42,7,68,1138,1299,2374,374,6214,28,69,4851,1361,755,32,266,479,533,161,675,4574,815,4,86,6,10,1962,283,1,325,1607,132,527,757,368,393,1464,0,356,251,275,1139,1474,7687,447,440,75,1231,379,48,182,408,136,72,38,120,425,317,317,156,818,709,890,6,1136,46,182,218,853,54,199,2,3,2,20,11,27,3,13,20,4,2,0,527,116,8,54,2,2,174,221,2,157,16,25,148,0,174,198,294,17178,98,150,5252,0,143,1337,18,44,18,23,20,1108,105,7,112,3,3,52,92,18,40,51,23,33,12,80,513,135,3,751,11,655,67,60,84,58,44,24,323,66,5,324,32,34,28
1434,857,48,16,499,243,3403,1642,515,5827,4342,3578,1299,4967,6180,0,4758,0,4919,875,254,151,0,264,552,392,354,1115,4169,36,429,181,3174,4972,126,85,69,353,536,908,113,2209,1,1283,130,32,610,5500,0,8020,2999,1066,2957,1349,1528,240,4053,0,530,748,189,2330,496,13445,502,413,467,441,448,54,148,982,479,169,70,76,426,1023,158,233,856,339,379,14,665,79,113,146,531,49,265,6,7,1,20,7,44,12,20,26,12,1,0,298,93,13,94,7,1,86,80,7,41,3,50,32,0,263,144,878,17764,1323,520,3846,161,1597,1358,10,158,28,10,2,444,59,15,64,15,3,61,161,1,162,38,16,107,12,62,947,1298,2,832,29,294,58,81,91,419,32,44,214,300,8,287,56,79,73,1045,389,65,70,131,368,2636,869,336,274,829,189,7,332,1535,2537,768,5,1701,1239,282,8,2,142,1517,824,1986,1701,2604,23,134,2615,2513,801,64,70,243,343,65,332,185,1611,2,965,4,1,381,1634,2,1383,3720,525,868,741,1269,510,1381,0,712,537,274,1698,786,7186,391,277,282,341,452,795,247,2769,1920,661,1072,811,1575,3408,1102,270,1560,489,499,20,1438,210,148,234,1633,27,177,12,17,10,49,8,79,12,11,44,13,1,0,380,187,11,151,9,0,63,86,5,60,6,64,40,0,250,225,562,12209,392,315,2629,0,424,3794,81,256,113,66,57,593,66,7,35,7,5,17,214,8,153,48,25,141,28,92,293,202,6,770,30,420,997,499,998,420,111,32,336,91,5,626,122,147,117
976,686,25,2,478,244,1442,1310,431,6954,5090,6073,492,155,401,4758,0,0,293,541,278,20,0,523,759,370,117,111,274,15,310,95,4334,9579,171,322,1024,921,641,1401,130,2837,1,529,116,27,2580,7774,0,10784,2723,1102,5157,1881,2533,214,2221,0,313,477,91,2510,1614,22291,410,503,291,606,244,22,85,505,224,105,24,46,166,547,79,93,624,278,271,7,396,25,54,88,357,47,409,2,3,0,7,18,19,6,9,10,4,0,0,228,47,7,53,1,1,132,85,5,25,6,19,35,0,188,99,624,24819,1622,341,2291,245,1846,879,3,100,13,5,1,380,83,6,72,7,0,60,129,0,41,41,38,80,6,62,703,1382,0,944,15,221,22,55,53,240,6,9,100,331,4,157,4,38,46,377,190,45,52,143,150,592,452,236,572,736,216,6,13,877,910,861,0,320,970,601,7,2,30,510,323,364,177,317,0,22,914,665,577,21,258,402,521,130,326,623,1469,6,1165,5,2,127,138,0,462,3279,624,469,566,1472,383,1845,0,277,254,101,1982,1074,3183,419,433,200,442,204,213,124,1329,1069,371,482,456,643,1420,515,68,724,347,599,3,801,87,62,56,921,58,139,2,4,3,22,4,29,3,8,24,3,1,0,243,142,5,59,2,0,137,127,2,69,11,29,66,0,232,189,406,7325,656,222,1309,0,613,2085,66,109,12,47,38,781,53,6,56,4,4,36,111,12,31,30,9,90,17,56,308,168,5,450,16,402,357,238,396,173,20,20,190,55,2,216,76,23,32
0,0,811,121,0,0,0,111,523,0,0,0,0,0,8,0,0,0,76,1052,0,99,11,21,1750,1117,1148,266,0,23,147,911,600,0,2,1,27,19,67,74,0,0,0,0,0,0,0,0,0,0,0,0,6,0,0,0,0,0,0,0,0,0,0,84,0,0,0,0,0,0,0,0,0,0,0,0,0,0,0,0,0,0,0,0,0,0,0,0,0,0,0,0,0,0,0,0,0,0,0,0,0,0,0,0,0,0,0,0,0,0,0,0,0,0,0,0,0,0,0,0,1158,0,0,4,0,0,0,0,0,0,0,0,0,0,0,0,0,0,0,0,0,0,0,0,0,0,0,0,0,0,0,0,0,0,0,0,0,0,0,0,0,0,0,0,0,0,0,0,0,0,0,0,0,0,349,0,0,0,0,0,0,0,0,0,0,48,0,0,0,0,0,0,0,0,0,0,0,0,0,0,0,0,0,0,0,0,0,0,0,0,0,0,0,0,0,0,0,0,0,0,0,0,0,0,0,0,0,0,0,0,0,0,0,0,0,0,0,0,0,0,0,0,0,0,0,0,0,0,0,0,0,0,0,0,0,0,0,0,0,0,0,0,0,0,0,0,0,0,0,0,0,0,0,0,0,0,0,0,0,0,0,0,0,0,0,0,0,0,0,0,0,0,0,0,0,0,0,0,0,0,0,0,0,0,0,0,0,0,0,0,0,0,0,0,0,0,0,0,0,0,0,0,0,0,0,0,0,0,0,0,0,0
1492,2400,2736,2759,4687,2197,9961,8923,3114,6871,4746,5701,265,11564,12521,4919,293,76,0,55742,225,2856,3,887,24624,37755,46006,26284,36222,265,858,12555,6168,8982,177,137,342,1077,958,3053,166,3965,0,346,54,11,1940,8278,0,10454,3041,762,5024,2294,1808,2152,1018,0,156,209,36,1301,357,20684,102,362,57,451,108,23,30,208,89,10,25,14,118,182,55,42,2516,84,105,4,167,17,32,29,142,8,375,1,0,1,6,4,22,3,4,7,5,0,0,77,29,5,30,2,0,62,36,4,9,0,12,15,0,108,17,302,32602,813,63,9844,5,961,300,4,6,6,3,0,145,24,2,49,4,0,53,40,0,18,18,4,23,4,31,267,840,0,3706,7,56,20,9,6,32,5,4,42,4073,2,67,5,28,9,6148,275,84,464,109,384,5862,2523,1303,216,121,662,11,3736,15208,1516,158,5,17591,13011,500,6,6,18,1333,1475,3024,405,8929,7,43,7302,2224,721,19,33,137,277,24,1991,428,1131,0,275,4,2,1179,348,0,323,2080,410,633,1663,595,365,657,0,231,172,78,1028,431,5517,224,186,53,646,97,31,116,311,177,67,42,113,125,306,72,81,288,97,91,2,261,28,19,33,326,6,109,5,7,1,25,13,26,4,11,20,3,4,1,133,52,5,48,2,0,35,27,4,14,9,24,23,0,116,96,172,17250,180,153,8787,0,216,442,8,29,16,14,24,159,16,4,37,2,4,15,38,3,43,36,21,36,11,44,124,203,4,1613,10,65,63,53,80,45,15,20,90,110,5,124,15,16,15
2176,5241,7526,4425,4685,3096,8573,6679,3979,1630,193,606,12,3723,10389,875,541,1052,55742,0,1040,2616,373,815,28258,47724,74708,67851,16185,1237,2927,8429,614,2396,4,70,1658,803,2074,2191,332,2321,0,257,52,1,2999,325,0,619,2009,105,1984,1269,423,1928,998,0,180,107,76,1338,1633,11048,126,322,60,343,377,50,67,400,168,20,54,23,272,366,121,87,3343,287,294,2,508,39,121,90,415,37,178,3,2,0,5,15,23,3,7,7,6,0,0,211,49,4,26,1,1,127,109,5,38,5,6,38,0,62,20,151,28825,154,51,8414,2,192,731,6,13,5,6,4,398,82,2,77,1,3,58,68,0,54,41,30,13,0,36,259,1701,0,3073,7,215,45,19,11,38,9,10,106,4926,5,241,14,82,8,6868,316,1500,1537,96,249,7259,3313,9051,448,471,1276,7,2194,24940,1509,1788,1,19543,26553,10418,1807,7,53,762,1101,2067,328,4955,25,70,3630,596,324,26,200,355,332,251,4070,6892,609,3,320,2,3,1887,156,2,268,2067,1076,260,1393,388,92,1174,0,113,100,81,2264,1000,6684,264,247,30,1026,246,27,127,318,196,27,47,32,311,314,221,103,584,502,645,4,843,22,99,84,581,41,166,1,3,2,10,5,17,3,7,9,3,1,0,261,75,7,25,0,2,135,156,2,96,12,14,93,0,75,133,172,21003,27,114,8321,0,68,1019,15,21,10,16,1,849,64,5,84,5,1,41,54,11,66,35,20,22,3,63,358,983,1,1394,1,443,42,23,26,22,10,7,182,449,3,134,19,17,6
993,557,549,544,116,55,282,653,1006,540,264,108,2,83,366,254,278,0,225,1040,0,226,0,59,13,5,4,8,32,0,0,3,14,539,0,96,644,116,113,736,369,517,284,299,85,175,934,73,0,289,1027,277,361,167,285,91,2323,0,189,650,118,889,1515,4537,604,1125,81,699,565,44,106,418,140,16,48,31,279,337,106,159,639,289,442,20,669,84,138,224,482,23,111,4,3,0,5,14,12,1,6,7,2,0,0,290,42,0,14,0,0,110,118,4,26,3,3,29,0,474,23,269,4977,152,82,909,2,244,839,3,12,5,8,2,552,76,1,50,1,3,43,81,0,42,33,27,10,2,33,618,982,0,115,7,337,43,24,16,36,15,12,167,106,3,323,9,78,421,2206,36,138,78,42,29,140,282,6301,204,229,770,2,29,12857,702,1831,0,5641,13186,9192,125,2,56,43,19,39,54,117,4,13,52,91,212,21,141,286,202,125,431,5920,147,10,101,2,14,1161,35,2,47,475,404,57,75,109,48,849,0,220,172,210,1326,741,3382,155,161,44,655,294,29,143,265,73,9,48,37,333,221,193,156,582,534,542,5,756,37,154,195,568,39,120,0,1,1,5,10,10,2,10,9,3,1,0,414,70,4,25,0,3,124,171,2,128,10,11,119,0,123,117,114,8900,16,57,931,0,17,829,13,23,19,9,3,700,81,6,76,5,1,33,61,10,68,32,17,13,3,50,375,389,0,119,2,408,34,10,19,25,31,6,230,6,4,275,20,31,24
452,103,4704,1166,4,28,76,387,3312,0,0,0,0,6,6879,151,20,99,2856,2616,226,0,0,9,6126,4255,4255,2765,90,0,161,2507,2098,22,0,0,61,9,123,635,6,2,0,0,0,0,18,13,0,21,2,0,315,1,0,2,7,0,0,0,0,198,2,799,0,4,1,4,0,0,0,1,1,0,0,0,1,1,1,0,3,2,3,0,3,0,0,2,0,0,0,0,0,0,0,0,0,0,0,0,0,0,0,1,0,0,0,0,0,1,0,0,0,0,0,0,0,0,0,0,9609,0,0,1457,0,0,3,0,0,0,0,0,3,0,0,0,0,0,0,0,0,0,1,1,0,0,1,0,212,0,2,0,3,0,0,0,0,0,0,1,4,0,0,0,0,0,485,3,65,12,0,24,63,43,1166,6,3,4,0,6,278,33,0,0,58,759,505,0,0,1,4,1,3,14,38,0,3,15,40,6,0,0,12,17,1,18,225,2,0,0,0,0,1,21,0,20,24,194,22,20,6,0,16,0,0,0,0,231,1,46,0,0,0,0,1,0,0,1,0,0,0,0,0,0,0,1,14,1,1,0,1,1,0,0,1,1,0,1,0,0,0,0,0,0,0,1,0,0,0,1,1,0,1,0,0,1,0,0,0,0,1,0,0,0,0,0,821,0,0,129,0,6,1,1,0,0,0,0,1,0,0,0,0,0,0,1,0,1,1,1,0,1,1,0,129,0,37,1,1,0,0,0,0,0,0,0,1,0,1,1,1,0
0,0,34,0,0,0,0,0,27,46,41,23,0,0,0,0,0,11,3,373,0,0,0,108,757,419,583,68,0,0,33,597,495,5,146,11,82,61,82,29,0,0,0,0,0,0,0,0,0,0,0,0,1,0,0,0,0,0,0,0,0,0,0,20,0,0,0,0,0,0,0,0,0,0,0,0,0,0,0,0,0,0,0,0,0,0,0,0,0,0,0,0,0,0,0,0,0,0,0,0,0,0,0,0,0,0,0,0,0,0,0,0,0,0,0,0,0,0,0,0,855,0,0,2,0,0,0,0,0,0,0,0,0,0,0,0,0,0,0,0,0,0,0,0,0,0,0,0,0,0,0,0,0,0,0,0,0,0,0,0,0,0,0,0,0,0,0,0,0,0,0,0,0,0,0,0,0,0,0,0,0,0,0,0,0,0,0,0,0,0,0,0,0,0,0,0,0,0,0,0,0,0,0,0,0,0,0,0,0,0,0,0,0,0,0,0,0,0,0,0,0,0,0,0,0,0,0,0,0,0,0,0,0,0,0,0,0,0,0,0,0,0,0,0,0,0,0,0,0,0,0,0,0,0,0,0,0,0,0,0,0,0,0,0,0,0,0,0,0,0,0,0,0,0,0,0,0,0,0,0,0,0,0,0,0,0,0,0,0,0,0,0,0,0,0,0,0,0,0,0,0,0,0,0,0,0,0,0,0,0,0,0,0,0,0,0,0,0,0,0,0,0,0,0,0,0,0,0,0,0,0,0
105,13,119,0,8,6,580,133,98,11,385,365,0,189,368,264,523,21,887,815,59,9,108,0,2345,1320,2854,401,201,1,144,2191,2018,69,253,117,405,271,486,229,341,112,7,47,19,7,525,118,0,199,336,0,128,46,49,11,724,0,221,91,176,153,524,1519,233,221,45,168,228,96,172,327,113,17,36,32,421,395,335,175,470,379,331,9,581,47,40,133,363,12,110,4,4,1,16,6,29,5,8,4,5,3,0,233,39,5,22,3,0,56,62,9,21,6,14,30,0,233,120,47,5342,18,35,863,0,26,564,5,6,15,6,1,431,75,4,51,1,1,53,70,1,136,36,7,17,1,27,175,151,0,160,6,311,38,23,21,27,8,55,306,4,3,232,11,52,16,180,107,72,70,21,342,808,803,64,82,93,188,0,4,86,63,69,0,91,193,42,3,3,22,94,85,77,55,34,9,17,21,24,640,19,39,345,561,75,269,66,481,2,80,1,5,13,21,0,32,585,143,592,410,183,94,304,0,94,98,50,347,366,756,231,152,218,336,98,29,67,115,29,13,23,27,71,76,71,36,425,154,160,1,261,13,29,19,245,11,252,2,5,3,19,1,26,1,10,19,6,2,0,161,51,9,32,3,1,33,73,1,48,20,27,65,0,220,59,47,1426,33,43,1142,0,129,252,3,5,3,3,5,226,32,12,36,7,1,17,42,5,12,33,8,26,14,39,179,117,1,430,15,121,25,12,28,16,11,13,66,23,2,72,4,4,7
135,1137,200,184,2714,1641,4482,4975,116,5,1009,87,1,829,13332,552,759,1750,24624,28258,13,6126,757,2345,0,3649,3840,6026,407,2271,4510,2934,1059,92,919,93,2163,957,5964,5790,201,1027,0,133,13,0,603,201,0,367,1023,19,198,772,143,1130,774,0,31,25,14,177,120,1029,26,132,23,81,48,11,13,100,56,3,9,6,91,113,61,16,1389,77,79,1,123,12,16,22,73,4,38,2,1,1,4,0,6,2,3,2,2,1,0,49,11,2,15,2,0,31,11,1,5,2,5,14,0,51,8,31,10413,9,29,9709,1,25,171,0,4,9,2,1,86,23,2,28,1,0,30,35,0,13,15,3,4,1,10,90,76,0,1797,2,58,7,2,3,8,1,1,23,2456,0,33,1,19,1,966,259,6,400,77,476,4458,2488,87,11,14,34,0,5,2219,56,16,0,2604,2255,7,2,0,4,1393,996,1126,44,1247,10,15,3099,1362,176,1,8,223,371,8,1741,8,515,2,46,0,1,9,22,0,46,1068,208,666,1233,350,38,116,0,51,42,22,250,70,416,80,48,49,72,52,6,44,216,179,7,14,10,52,209,12,35,367,82,33,0,170,4,5,29,83,0,69,4,6,0,19,0,18,2,6,16,1,0,0,42,19,2,21,1,0,11,7,2,5,13,18,21,0,36,14,33,4685,47,127,4250,0,122,234,0,2,4,3,0,37,5,4,9,3,1,4,12,2,24,15,3,19,13,24,37,222,2,1437,8,37,13,6,5,8,5,3,35,75,1,42,0,3,5
160,994,24,115,2088,1264,3166,3719,15,48,35,437,0,2796,24209,392,370,1117,37755,47724,5,4255,419,1320,3649,0,3470,5460,316,1454,3844,1836,1752,85,401,67,1346,932,3503,3414,25,767,0,103,6,0,316,85,0,344,748,18,142,467,92,836,216,0,16,13,8,136,55,1060,7,49,9,26,22,5,6,65,34,2,2,3,31,60,16,8,1031,22,30,1,48,6,7,12,22,1,15,1,0,1,2,0,3,0,0,1,0,0,0,19,3,0,7,0,0,6,2,0,2,1,3,3,0,13,3,20,9856,8,23,6117,1,23,86,0,2,7,1,1,29,4,0,4,0,0,5,10,0,8,1,2,3,0,7,41,36,0,1355,0,19,0,1,0,6,1,0,8,1872,0,17,0,8,0,1041,94,4,270,61,162,3339,1583,72,2,3,4,0,4,2014,36,7,1,2218,2023,7,1,0,1,876,613,712,27,772,3,5,2096,936,12,1,2,29,40,2,1248,3,386,0,29,0,0,3,16,0,28,851,157,295,1041,283,16,52,0,32,20,16,153,19,288,22,4,17,8,31,3,36,174,157,6,12,7,44,183,5,28,138,57,20,0,133,1,4,22,52,0,33,3,5,0,17,0,16,2,2,11,1,0,0,29,12,1,15,1,0,4,3,2,2,1,13,5,0,5,4,18,3604,22,103,3238,0,75,183,0,1,4,2,0,20,0,2,4,2,1,1,4,1,23,10,1,15,9,19,24,167,2,1000,5,28,7,5,1,7,3,0,31,46,1,32,0,1,1
574,928,15,115,1903,1158,2904,3960,8,0,2,358,0,4898,27715,354,117,1148,46006,74708,4,4255,583,2854,3840,3470,0,8845,2392,2020,5254,2935,2180,61,597,445,1545,2513,3445,3620,16,694,0,98,1,0,84,200,0,165,679,18,348,428,92,750,51,0,19,16,21,124,70,1310,7,16,20,11,37,5,9,83,42,2,2,3,45,84,15,15,958,22,46,2,66,11,13,15,31,1,12,1,0,1,3,0,5,0,0,0,0,0,0,19,3,0,8,0,0,5,3,0,1,1,4,1,0,12,3,17,8841,6,28,5823,1,22,120,1,2,10,1,1,43,3,0,4,0,0,5,11,0,17,1,1,4,0,7,60,21,0,1247,0,23,0,1,0,11,1,1,19,1688,0,24,2,12,0,2519,74,3,131,55,134,2478,847,123,12,8,13,3,32,2932,207,21,0,3074,2924,14,1,0,4,874,605,791,49,1334,4,16,2591,1396,25,1,1,30,44,4,553,8,369,0,31,0,0,9,122,0,84,783,139,322,954,261,31,86,0,31,21,17,134,22,446,23,5,17,9,37,1,37,187,163,6,12,8,49,189,8,32,149,66,22,0,139,2,5,23,57,0,43,4,6,0,16,0,16,2,3,12,1,0,0,31,14,1,17,1,0,3,3,2,3,1,14,3,0,8,4,15,4518,20,108,3469,0,67,193,0,2,5,2,0,24,0,2,3,2,1,1,6,1,23,10,1,16,9,19,23,146,2,927,4,29,8,5,2,7,4,0,35,46,2,36,0,3,1
147,435,1307,251,818,735,1629,3500,1267,6,2,12,2,97,9535,1115,111,266,26284,67851,8,2765,68,401,6026,5460,8845,0,724,688,1403,3082,3262,131,104,48,387,291,1568,2906,9,191,0,7,0,0,103,568,0,554,175,0,924,221,33,234,40,0,26,26,46,16,127,2217,3,16,31,10,87,6,16,98,33,1,6,1,89,105,19,35,477,27,117,4,117,15,21,44,75,5,14,3,0,0,4,1,7,1,5,3,3,0,0,38,12,1,11,1,0,31,17,3,8,1,5,8,0,3,1,3,9923,3,19,4727,0,2,211,3,0,4,1,0,129,9,2,31,1,2,32,18,1,39,7,5,5,2,12,115,8,1,504,4,49,5,1,0,19,1,6,57,713,5,39,15,17,0,323,39,4,90,7,146,2087,809,255,111,9,203,1,57,928,873,83,0,1022,905,31,1,0,8,87,71,270,234,881,8,85,318,669,73,5,1,66,80,6,622,21,121,0,6,0,0,172,521,0,654,692,25,175,702,57,31,562,0,11,7,18,63,78,1364,13,19,5,17,58,1,6,44,18,5,3,6,32,28,17,11,91,43,63,1,75,5,26,19,78,4,56,3,2,0,2,1,7,4,2,4,4,1,1,35,9,2,11,1,0,20,17,0,7,1,7,6,0,13,3,6,3158,7,7,1500,0,25,101,4,3,1,1,0,79,15,0,22,0,0,5,10,2,4,22,10,7,3,12,24,24,0,769,3,26,3,5,4,3,3,1,33,22,1,20,3,5,4
1154,253,2,1,74,34,1987,1113,117,4905,3952,4062,336,18813,34963,4169,274,0,36222,16185,32,90,0,201,407,316,2392,724,0,39,373,545,4421,5147,109,62,31,197,307,620,7,782,0,82,23,0,135,8271,0,8150,321,81,2140,310,782,58,255,0,61,69,38,211,134,11836,26,114,30,90,97,9,30,181,68,6,7,9,139,158,41,79,123,77,105,5,160,24,29,43,114,10,47,3,1,1,9,3,27,1,4,11,5,0,0,69,23,5,28,1,0,63,23,6,10,0,12,17,0,31,4,138,12888,63,25,2355,0,116,257,7,6,13,0,0,139,17,4,66,7,0,63,33,1,64,19,7,23,6,38,158,150,1,317,8,59,9,6,6,35,7,8,43,20,2,71,45,31,3,4238,69,26,24,36,243,1546,471,203,100,75,55,14,928,4512,1256,289,3,5216,4356,89,2,1,9,1323,765,2568,1056,6831,10,62,6675,3469,429,9,17,73,147,8,142,23,630,0,27,1,1,164,935,0,457,674,82,499,486,244,426,208,0,100,67,42,204,227,1590,131,124,22,121,55,15,54,137,54,30,12,66,58,118,32,41,130,43,39,1,107,17,16,13,190,4,60,7,6,1,20,22,28,11,11,14,8,7,1,80,36,16,37,3,0,16,10,2,10,6,17,13,0,79,56,67,9257,39,84,4097,0,94,190,5,17,5,5,15,66,23,2,50,0,3,3,25,3,17,53,38,33,9,48,77,52,3,559,12,23,35,22,46,23,14,13,47,17,3,61,10,6,11
5,19,0,0,1,26,49,27,1,0,0,353,0,9,24,36,15,23,265,1237,0,0,0,1,2271,1454,2020,688,39,0,148,1408,1501,34,0,0,0,0,0,20,0,1,0,0,0,0,12,19,0,15,2,0,67,0,0,0,10,0,0,0,0,3,1,646,1,9,2,6,0,0,0,0,0,0,0,0,0,0,0,0,0,0,0,0,0,0,0,0,0,0,0,0,0,0,0,0,0,0,0,0,0,0,0,0,0,0,0,0,0,0,0,0,0,0,0,0,0,0,0,0,3155,0,0,24,0,0,0,0,0,0,0,0,0,0,0,0,0,0,0,0,0,0,0,0,0,0,0,1,0,0,0,0,0,0,0,0,0,0,0,0,4,0,0,0,0,0,8,4,0,0,0,2,38,6,1,3,3,1,0,3,15,25,3,1,18,9,1,0,0,0,9,8,9,16,25,4,9,13,27,1,0,0,0,2,0,3,0,4,0,0,0,0,0,20,0,14,25,0,6,24,1,3,8,0,0,0,0,0,0,45,1,0,0,0,0,0,0,1,1,0,1,0,1,1,1,0,3,0,0,0,0,0,0,0,1,0,3,0,0,0,0,0,0,0,0,0,0,0,0,0,0,0,0,0,0,0,0,0,0,0,0,0,0,0,0,0,83,0,0,33,0,0,1,0,0,0,0,0,0,0,0,0,0,0,0,0,0,0,0,0,0,0,0,0,0,0,26,0,0,1,0,0,0,0,0,0,0,0,0,0,0,0
28,21,1263,139,1,33,99,193,841,14,26,9,0,53,355,429,310,147,858,2927,0,161,33,144,4510,3844,5254,1403,373,148,0,2987,2529,33,82,13,128,107,192,259,4,12,0,4,7,0,323,97,0,330,13,0,311,1,0,2,218,0,1,1,0,12,2,884,1,59,3,46,0,0,0,2,1,0,0,0,2,2,2,0,3,3,3,0,4,0,0,2,0,0,0,0,0,0,0,0,0,0,0,0,0,0,0,1,0,0,0,0,0,1,0,0,0,0,0,0,0,4,0,10,5496,0,0,309,0,0,4,0,0,1,0,0,3,0,0,0,0,0,0,0,0,1,1,1,0,0,1,23,17,0,3,0,3,0,0,0,0,0,0,1,5,0,1,0,0,0,64,4,0,2,0,24,79,43,333,6,3,4,0,8,74,51,0,0,77,109,5,0,0,1,9,7,10,25,58,1,7,24,63,9,0,0,12,20,1,16,0,6,0,0,0,0,3,33,0,34,35,5,28,31,6,4,20,0,0,0,0,5,1,85,1,0,0,0,1,0,0,1,0,0,0,0,0,0,0,1,16,1,1,0,1,1,0,0,1,1,4,1,0,0,0,0,0,0,0,1,0,0,0,1,1,0,1,0,0,1,0,0,0,0,1,0,0,0,0,0,224,1,0,86,0,5,1,1,0,0,0,0,1,0,0,0,0,0,0,1,0,1,1,1,0,1,1,0,4,0,51,1,1,0,0,0,0,0,0,0,1,0,1,1,1,0
734,333,2,2,1020,419,1744,1602,7,27,357,29,7,5305,11092,181,95,911,12555,8429,3,2507,597,2191,2934,1836,2935,3082,545,1408,2987,0,1144,51,458,279,863,1417,2463,2819,11,507,0,101,14,0,60,123,0,65,508,5,115,411,86,554,126,0,39,51,54,123,189,920,19,28,37,21,114,11,24,174,82,5,10,6,145,169,44,62,580,90,164,3,205,22,42,68,106,14,63,4,2,0,8,3,30,0,5,11,6,0,0,86,18,4,28,1,0,70,31,8,9,0,11,23,0,16,2,15,2677,9,51,4639,0,13,315,10,9,12,2,0,201,25,3,75,6,0,72,30,1,64,20,8,21,5,42,101,12,0,706,9,88,5,5,4,32,8,7,60,896,4,57,39,31,2,5611,825,10,90,46,78,1061,628,175,3,15,2,11,577,5890,284,46,0,7464,5854,15,1,1,9,2830,2175,3143,51,6650,5,58,11052,5403,134,10,3,23,27,9,447,19,236,1,35,0,1,15,181,0,147,118,105,416,257,195,15,64,0,22,17,17,119,51,665,7,17,22,12,70,9,13,165,132,0,8,1,36,148,8,23,141,94,43,2,146,7,13,29,119,1,72,6,7,1,31,23,38,10,10,12,8,8,1,61,16,18,21,2,1,23,20,3,13,4,18,18,0,15,0,6,10420,31,96,4474,0,38,182,1,3,0,2,0,60,33,4,62,2,1,6,15,4,11,71,46,40,9,56,33,114,1,223,8,37,5,0,1,7,7,2,19,13,3,20,1,5,1
954,516,25,32,1371,532,2553,2861,82,160,488,159,161,4476,4959,3174,4334,600,6168,614,14,2098,495,2018,1059,1752,2180,3262,4421,1501,2529,1144,0,123,439,264,692,1332,1890,2736,21,1023,0,132,31,0,856,332,0,179,873,86,196,807,203,773,2979,0,79,82,79,196,212,1277,30,55,53,45,153,15,43,273,131,12,19,16,204,264,57,119,890,111,201,7,272,29,53,84,142,8,56,6,1,1,8,1,26,0,5,8,6,0,0,108,22,0,21,1,0,57,34,4,11,0,10,15,0,39,3,103,3215,54,55,5964,0,117,404,7,6,14,2,0,226,21,0,58,0,1,59,31,0,108,13,8,16,0,27,174,140,1,1258,8,106,16,11,7,62,10,9,93,803,5,89,80,40,4,3136,1133,32,91,38,139,1167,571,193,151,102,71,12,147,3239,805,78,1,4442,3223,106,4,1,19,2594,1945,1877,196,3837,7,81,8361,5935,533,16,20,86,189,18,353,46,301,0,23,2,1,69,587,0,386,526,74,626,438,215,28,347,0,100,73,51,212,251,1704,148,146,36,133,78,14,62,173,82,30,14,43,64,131,37,43,151,75,62,1,152,16,23,14,178,5,66,3,2,0,15,6,18,7,7,15,3,3,1,100,39,9,37,3,1,29,22,0,13,4,20,15,0,81,37,60,11194,33,76,3150,0,76,220,5,15,4,7,6,106,28,2,41,1,3,10,25,1,11,47,26,22,8,32,87,56,3,389,9,36,16,24,30,23,12,12,47,23,3,66,7,11,10
496,142,15,8,123,369,513,627,189,502,457,413,3,4781,8656,4972,9579,0,8982,2396,539,22,5,69,92,85,61,131,5147,34,33,51,123,0,6,52,263,73,133,414,3593,603,45,289,174,44,9552,903,0,982,904,196,317,457,498,25,8778,0,119,224,63,992,1469,4218,437,2167,517,2867,206,13,40,272,91,30,14,31,160,235,80,87,521,205,205,12,324,52,49,79,215,21,115,4,3,3,2,8,6,4,2,3,4,0,0,123,29,1,45,1,0,46,53,2,29,7,7,31,0,2201,20,278,1626,373,67,863,2,431,415,5,11,31,1,1,254,34,1,44,1,0,25,79,0,42,13,21,23,0,29,606,1041,0,379,5,163,12,28,4,110,13,8,97,134,0,117,16,56,84,1090,46,8,29,52,59,400,252,81,1931,1058,1725,20,82,1279,1816,401,0,1308,1233,82,2,1,24,193,164,188,205,1045,1,13,356,855,9405,14,110,230,559,78,196,87,1105,16,559,8,14,152,243,0,841,2811,162,7172,968,1365,130,8137,0,294,514,83,1018,2000,12641,4658,1162,5120,9908,130,51,78,872,623,437,124,419,329,932,338,26,411,240,506,3,723,28,58,44,705,23,112,0,4,2,13,1,31,4,2,9,8,0,0,156,62,2,44,2,1,71,76,0,34,5,13,28,0,9098,286,494,15002,360,345,1127,0,223,1673,14,72,3,40,15,753,20,4,44,3,3,24,47,4,5,10,6,30,5,27,399,45,1,245,6,373,146,384,308,243,41,8,114,22,1,107,10,10,115
40,0,0,0,0,1,83,12,0,50,75,29,0,42,167,126,171,2,177,4,0,0,146,253,919,401,597,104,109,0,82,458,439,6,0,138,265,231,200,47,27,3,0,2,1,0,157,90,0,165,26,1,1,2,2,1,139,0,9,4,9,8,47,266,7,25,4,16,21,0,7,22,13,0,0,1,58,53,34,13,27,45,42,3,61,5,2,10,43,3,24,1,1,0,1,0,2,2,4,1,3,0,0,23,3,2,6,2,0,22,7,0,3,0,2,7,0,10,1,6,994,5,1,99,0,4,69,0,0,5,0,0,50,17,2,20,1,0,20,22,0,7,13,1,3,1,4,18,5,0,19,2,38,0,1,1,2,0,2,18,0,0,14,3,7,0,70,1,0,5,7,87,86,128,0,3,12,4,0,0,9,1,2,0,7,9,0,0,0,2,1,1,0,0,12,0,1,7,9,31,4,5,61,87,5,18,2,30,0,0,0,0,0,0,0,1,80,69,109,28,34,3,10,0,6,4,3,75,15,43,6,4,9,12,10,0,4,9,1,0,1,0,10,3,6,7,61,14,15,0,21,3,2,6,18,0,22,0,0,0,1,0,1,0,3,4,0,1,0,12,4,2,2,0,1,6,5,0,5,8,3,12,0,8,1,2,152,4,1,108,0,70,17,0,0,0,0,0,18,3,1,7,1,1,3,4,0,0,6,2,3,3,7,3,68,0,98,2,12,0,0,0,0,0,1,5,11,0,11,0,1,1
37,0,0,0,1,1,27,7,21,21,101,6,0,72,165,85,322,1,137,70,96,0,11,117,93,67,445,48,62,0,13,279,264,52,138,0,3116,836,122,46,412,37,0,11,10,0,470,57,0,113,25,0,154,6,8,1,552,0,7,22,7,30,148,391,14,126,28,84,42,0,5,16,11,0,1,1,12,18,5,12,41,21,56,1,58,7,4,35,36,0,22,2,0,0,1,0,2,0,1,0,0,0,0,14,6,0,1,1,0,14,8,1,2,0,0,6,0,103,3,17,656,4,5,100,0,8,65,0,0,0,0,1,59,7,1,14,0,1,12,9,0,7,5,3,0,0,3,49,138,0,6,1,47,0,0,0,3,0,0,18,0,1,10,1,6,0,17,14,11,11,3,20,116,122,22,16,11,42,0,0,10,16,8,0,12,36,12,1,0,1,11,11,8,7,3,0,0,3,3,201,1,5,62,81,40,65,12,59,0,9,0,0,0,0,0,0,72,7,76,48,15,13,114,0,18,20,14,50,65,186,48,29,111,130,12,3,13,20,8,6,2,8,10,17,13,5,23,12,20,1,29,1,4,3,39,2,31,1,2,1,4,0,4,1,1,1,0,0,0,23,7,1,4,1,0,10,9,0,4,4,3,9,0,112,14,8,254,3,12,188,0,6,46,0,2,1,1,0,32,1,1,11,0,0,9,6,1,1,4,2,5,1,5,17,16,0,27,2,8,4,6,4,4,3,1,12,1,0,12,0,1,1
178,16,481,0,13,551,549,568,712,312,613,30,0,75,847,69,1024,27,342,1658,644,61,82,405,2163,1346,1545,387,31,0,128,863,692,263,265,3116,0,1230,1493,1118,1278,854,71,149,116,75,1319,31,0,127,701,4,847,414,217,185,2157,0,290,314,124,451,2770,3997,667,1865,410,1691,237,302,172,565,315,31,234,28,585,619,427,142,1413,483,302,13,690,37,56,87,537,31,666,6,4,1,28,7,52,12,12,15,14,2,0,254,86,8,56,6,0,117,85,13,29,5,30,30,0,1278,110,244,2600,91,47,797,0,115,727,8,12,27,6,0,399,67,6,86,4,2,83,100,2,125,42,14,39,6,70,614,481,0,585,15,210,264,24,29,44,14,31,207,10,6,226,17,67,96,213,138,73,90,38,393,809,1102,150,468,214,761,0,3,162,92,67,0,176,276,63,5,4,34,115,103,95,74,41,10,23,24,31,1530,22,33,440,809,113,517,65,556,5,85,3,7,17,24,0,47,859,146,982,481,200,109,683,0,198,198,80,502,869,1902,687,294,959,1215,145,76,122,284,91,59,60,121,141,222,236,61,555,155,208,4,436,27,53,26,497,23,332,0,6,4,35,6,49,3,10,27,7,8,1,201,92,20,45,4,1,70,52,1,44,18,42,45,0,1052,176,79,2576,59,97,1419,0,158,553,12,23,4,9,48,430,53,9,88,6,1,35,67,5,17,71,18,54,18,70,203,164,2,564,14,117,48,57,70,51,20,30,105,40,3,118,12,9,26
61,2,118,0,3,119,153,147,102,180,801,48,1,320,565,353,921,19,1077,803,116,9,61,271,957,932,2513,291,197,0,107,1417,1332,73,231,836,1230,0,393,350,722,170,0,46,18,1,1045,128,0,165,120,1,464,90,178,3,1175,0,60,74,44,93,448,894,78,258,85,197,124,3,33,100,32,4,5,2,126,85,100,52,388,246,231,2,326,9,63,49,154,14,357,3,1,0,4,4,15,2,6,4,3,1,0,135,25,1,22,0,0,47,49,3,22,5,11,23,0,165,10,33,3899,11,22,307,0,14,290,1,11,9,1,0,257,40,3,38,1,2,32,54,0,15,19,12,18,2,24,111,189,0,66,5,217,1,2,2,23,16,3,108,0,3,49,6,10,1,64,31,13,11,28,130,203,216,27,351,274,72,0,0,41,44,27,0,38,74,16,0,0,33,44,41,37,39,15,0,2,10,17,451,17,150,169,326,41,50,26,225,0,20,3,2,5,5,1,11,434,44,238,177,64,66,374,0,121,110,46,222,449,774,228,145,301,414,57,9,72,187,159,118,29,99,78,214,103,18,368,284,335,0,304,18,21,19,234,14,128,1,3,1,13,0,18,1,5,26,2,1,0,120,60,2,48,4,1,39,40,0,31,9,27,35,0,313,65,116,920,48,76,377,0,69,418,11,31,1,6,2,297,13,10,28,8,3,21,55,3,9,12,4,25,12,26,155,52,4,190,18,276,24,111,71,63,10,9,58,14,3,76,12,2,28
209,41,2022,93,2,5,186,130,2572,173,347,199,0,61,5497,536,641,67,958,2074,113,123,82,486,5964,3503,3445,1568,307,0,192,2463,1890,133,200,122,1493,393,0,257,176,73,0,35,32,0,676,106,0,611,142,3,148,13,50,2,928,0,20,55,11,144,286,1363,133,509,68,381,35,12,14,53,28,1,7,3,52,56,26,15,47,36,71,0,75,7,11,11,71,13,27,1,2,1,3,0,11,1,9,6,6,0,0,56,8,4,17,1,0,40,19,3,15,0,9,12,0,230,1,59,6491,23,7,1091,0,25,105,0,2,2,1,0,74,20,6,30,3,1,26,37,0,11,19,3,4,4,13,167,158,0,19,4,36,10,0,3,1,3,4,20,5,4,18,5,6,1,260,40,50,30,21,409,300,1364,558,88,31,254,0,1,71,46,12,0,55,233,99,3,0,3,37,37,34,33,41,0,3,25,37,504,1,4,338,574,661,887,51,253,1,45,0,0,2,9,0,13,385,176,646,234,90,46,169,0,64,95,23,309,182,451,271,116,246,361,27,6,36,58,12,13,3,11,23,24,16,13,353,20,23,4,54,9,7,4,66,3,89,1,2,2,10,0,9,2,7,17,0,1,0,47,25,8,25,0,0,7,6,0,11,12,16,15,0,278,20,39,1373,36,37,1299,0,149,86,1,8,0,3,0,30,4,7,11,6,2,3,15,0,1,14,5,16,12,16,33,152,2,474,9,14,8,12,9,9,8,4,24,39,1,37,1,2,9
822,228,3748,1151,20,652,213,1674,3030,333,276,245,0,145,8329,908,1401,74,3053,2191,736,635,29,229,5790,3414,3620,2906,620,20,259,2819,2736,414,47,46,1118,350,257,0,795,1182,17,134,160,47,1463,254,0,700,1034,40,1644,870,255,84,2093,0,98,244,18,691,1375,3615,514,1621,363,1492,62,18,27,381,72,2,19,11,95,115,42,32,942,369,98,2,446,12,16,20,115,19,911,3,6,1,10,0,10,3,6,7,5,0,0,69,11,2,24,3,0,52,39,2,15,0,13,14,0,888,34,284,10431,113,25,1706,0,130,201,1,5,10,2,3,107,21,4,29,3,2,30,41,0,27,14,3,14,5,24,431,595,0,405,8,41,20,2,9,6,3,6,31,26,4,50,12,16,59,659,130,123,161,35,211,259,1261,1028,571,161,797,0,16,523,238,44,0,296,1086,633,1,3,13,110,90,86,106,161,2,21,80,143,1202,18,14,306,436,685,1006,306,507,4,135,2,5,16,64,0,103,738,302,698,473,160,82,638,0,201,301,66,618,776,1871,770,271,1022,1243,66,22,111,158,55,44,26,71,75,137,159,36,240,40,109,4,272,15,13,10,335,8,214,4,5,3,16,1,15,4,9,38,1,0,0,134,78,7,77,2,0,18,17,0,26,10,43,24,0,1010,134,90,3183,56,122,1267,0,57,395,7,11,0,12,19,235,9,8,20,8,3,5,49,4,7,13,8,24,27,40,104,240,6,236,27,48,28,44,51,26,17,23,51,29,4,101,3,3,23
