0,4868,3424,4338,4747,2929,9356,5318,4705,854,662,86,0,107,3657,1098,395,3,3144,5658,2457,1258,5,424,453,326,484,512,600,234,109,1149,1852,579,11,943,810,456,368,1305,1320,2994,8,746,1155,8,359,703,0,122,5900,131,668,3511,515,3697,3242,0,247,843,130,1951,1662,5031,1695,1472,66,1690,206,0,118,770,251,27,3,13,200,716,27,378,6520,1210,126,14,307,45,91,54,434,16,167,0,2,3,16,4,21,3,5,5,4,0,0,177,50,2,28,4,2,57,63,1,21,0,13,11,0,480,33,823,13953,234,131,2613,3,752,788,18,12,13,4,4,170,59,4,32,2,3,24,38,1,117,39,11,24,2,22,1530,4017,2,6887,5,79,2,25,2,77,21,26,124,7104,4,138,300,25,267,10992,2193,2585,2359,1297,459,6006,3230,7720,90,16,505,0,1333,13480,545,19,258,10812,14164,5286,1651,0,42,247,309,522,165,2055,10,203,1457,1508,636,10,1,227,161,639,1353,1148,454,1,18,2,0,142,330,1,178,1143,612,441,447,130,250,760,0,316,244,100,1247,297,2353,357,92,111,106,274,25,142,1404,996,110,37,120,338,1403,49,216,783,372,154,18,581,67,135,142,504,26,120,2,5,2,20,44,73,3,1,37,6,0,0,336,122,4,81,5,2,69,112,10,49,2,12,41,0,57,73,380,17659,142,454,7562,0,221,1552,47,66,32,5,1,216,130,2,32,2,0,29,98,0,202,66,32,20,2,28,360,3019,0,291,5,176,14,72,95,160,65,47,171,975,0,267,51,54,39
4868,0,2507,348,3491,4808,6325,5273,7939,93,71,11,0,102,4006,216,149,1,5403,5440,265,317,2,205,1913,1091,1983,351,2581,160,102,3423,1113,105,4,142,160,115,6,420,27,3229,1,601,1151,3,35,253,0,96,4740,145,472,4486,274,2501,676,0,146,281,88,2963,249,1892,144,235,53,214,164,0,99,609,185,20,3,9,148,579,20,329,6398,740,72,13,245,42,72,37,353,12,144,0,2,3,15,4,17,6,5,3,6,0,0,139,47,2,30,4,2,36,42,2,18,0,14,10,0,63,22,1861,11612,135,88,5656,1,1069,605,14,10,14,3,2,103,50,5,22,2,3,17,39,1,77,36,8,26,2,21,2318,5518,2,7148,4,56,2,19,2,57,18,23,93,6745,4,116,273,21,16,2828,807,1900,1493,775,514,5125,2201,3062,40,8,370,0,0,746,26,7,127,488,3554,712,1036,0,8,44,9,50,67,18,3,92,24,44,486,3,0,214,210,274,1138,405,358,0,11,0,0,13,29,1,26,1003,723,265,342,91,118,119,0,266,182,88,983,226,1622,334,39,80,58,221,19,126,1099,833,74,28,99,266,1104,43,162,619,348,111,15,514,62,105,140,401,21,100,1,4,2,18,35,52,2,1,38,2,0,0,293,124,4,79,6,2,41,98,6,41,2,12,33,0,23,64,208,5314,54,421,1293,0,88,1214,41,41,31,5,1,154,113,2,19,2,0,11,99,0,161,58,28,21,2,25,216,3221,0,180,5,154,7,50,75,112,43,41,122,596,0,216,18,43,28
3424,2507,0,4972,683,3055,5111,5779,6998,9,7,0,0,0,1440,1,6,1006,6223,7172,61,6777,252,94,259,89,2,2404,2,0,1676,7,12,13,36,9,432,41,3646,4487,58,1074,0,9,1,1,7,3,0,1,1083,2,79,1630,20,15,598,0,7,22,6,521,16,113,19,32,4,30,10,0,4,63,17,1,2,0,9,62,0,31,2405,229,4,0,13,2,3,4,21,0,3,0,0,0,0,0,0,0,0,0,0,0,0,4,2,0,1,0,0,1,1,0,0,0,0,0,0,9,1,20,6376,6,9,5187,0,57,61,1,0,1,1,0,4,1,0,0,0,0,0,1,0,6,1,0,1,0,0,92,5066,0,2856,0,3,0,0,0,7,1,1,6,3305,0,9,28,2,7,5170,1213,2601,2419,44,469,4989,3155,5212,3,2,1,0,0,1423,1,0,201,810,5827,1228,1615,0,0,0,1,0,48,0,1,143,0,1,32,0,0,168,55,499,1184,518,18,0,0,0,0,0,1,0,1,21,320,61,49,7,0,584,0,7,31,3,461,7,100,29,6,2,5,13,1,3,93,15,4,1,5,17,88,3,7,110,8,7,0,12,2,6,5,16,0,3,0,0,0,0,1,3,0,0,0,0,0,0,6,1,0,1,0,0,0,0,0,1,0,0,1,0,2,1,4,5340,2,4,1199,0,2,90,0,2,0,0,0,8,2,0,0,0,0,0,1,0,4,1,1,0,0,0,50,4616,0,17,0,5,0,4,2,4,4,2,7,472,0,11,4,3,0
4338,348,4972,0,27,1911,1987,3746,8699,9,7,0,0,0,3036,1,0,1,1757,3684,55,611,0,11,1127,802,787,108,143,10,12,892,368,9,0,9,37,24,7,386,51,114,0,4,1,0,0,3,0,1,118,1,123,323,10,13,141,0,4,17,3,582,15,117,17,20,3,21,5,0,3,33,11,1,1,0,3,34,0,16,1717,66,3,0,9,2,2,0,9,0,0,0,0,0,0,0,0,0,0,0,0,0,0,3,1,0,0,0,0,0,0,0,0,0,0,0,0,3,0,8,7407,3,6,4055,0,8,34,0,0,0,1,0,3,0,0,0,0,0,0,1,0,5,0,0,0,0,0,43,5195,0,1817,0,1,0,0,0,3,1,1,3,1899,0,4,14,0,7,5181,506,2211,1699,24,109,2922,1770,5558,2,1,0,0,0,992,1,0,189,800,5660,1116,1307,0,0,0,1,0,37,0,1,132,0,1,11,0,0,109,8,478,917,403,12,0,0,0,0,0,1,0,1,11,383,17,27,4,0,131,0,1,20,1,526,5,42,19,3,1,2,7,1,2,36,7,2,0,3,7,33,2,5,50,4,5,0,7,2,4,3,6,0,1,0,0,0,0,0,2,0,0,0,0,0,0,5,1,0,1,0,0,0,0,0,0,0,0,0,0,2,1,2,5428,1,2,1084,0,0,34,0,1,0,0,0,6,1,0,0,0,0,0,1,0,2,0,0,0,0,0,23,4810,0,9,0,3,0,2,2,3,3,2,3,113,0,4,1,0,0
4747,3491,683,27,0,95,1049,782,3344,106,73,10,0,61,2314,171,83,3,3973,2799,256,172,0,73,1298,717,1589,140,2545,70,93,2867,536,87,2,143,165,75,10,207,6,1353,1,430,333,10,13,70,0,37,1803,209,279,1468,221,958,913,0,156,347,116,2824,391,1827,252,398,122,330,182,1,103,623,188,12,4,14,200,553,51,320,779,443,83,15,276,53,76,52,452,12,131,0,1,1,14,4,28,1,4,3,9,0,0,139,50,2,30,6,2,53,50,2,20,0,12,9,0,101,11,2367,4411,104,113,2840,0,1267,656,27,11,34,8,5,117,53,2,34,2,3,31,44,0,68,32,8,20,1,23,2761,3148,2,588,5,71,2,12,1,50,21,23,126,646,2,186,246,47,55,525,637,272,255,977,10,790,300,453,51,18,97,0,2,116,71,31,1,29,550,164,83,0,20,49,9,10,16,27,0,1,23,25,180,14,3,27,106,15,160,157,589,0,51,0,0,37,4,1,51,647,285,287,549,292,13,307,0,170,128,65,461,185,1362,221,262,75,211,211,18,101,784,560,22,35,41,265,774,44,156,405,344,109,14,479,57,95,142,383,16,201,0,2,0,14,31,47,2,3,40,1,0,0,246,94,5,66,4,2,49,103,4,33,2,11,27,0,106,27,48,1690,58,375,186,0,53,847,34,31,28,10,2,157,106,2,28,3,0,15,85,0,159,53,28,15,3,26,150,527,0,88,4,154,8,17,28,58,34,27,108,84,1,178,20,44,11
2929,4808,3055,1911,95,0,1050,733,4209,0,0,5,0,0,2406,29,4,3,3637,5059,94,150,0,148,1374,937,989,183,540,144,135,1437,1470,319,0,0,562,267,11,529,2,204,22,8,12,22,6,117,0,85,126,2,874,97,175,32,164,0,47,45,24,794,76,715,179,87,34,140,35,2,27,127,74,27,3,10,35,114,7,53,307,42,4,0,45,3,2,24,63,3,153,1,1,0,0,1,2,0,0,0,0,0,0,22,7,0,2,0,0,5,2,0,0,0,0,0,0,82,20,118,7264,19,48,4849,0,87,114,10,7,9,3,2,20,3,0,2,0,0,2,2,0,11,2,2,2,0,1,206,3039,0,104,0,16,8,23,14,31,9,13,26,632,0,52,20,10,115,2010,354,1563,1235,41,325,947,1272,2084,8,3,32,0,19,631,203,6,115,613,3080,490,967,0,37,159,155,304,66,411,25,102,489,341,34,1,0,64,34,254,1039,329,296,0,2,0,1,75,122,0,138,320,479,35,409,15,147,166,0,41,57,13,577,48,596,73,15,19,26,11,2,15,96,26,5,1,8,16,91,3,9,78,8,8,0,24,1,2,6,37,2,120,0,1,0,1,0,1,0,0,0,0,0,0,17,7,0,6,1,0,3,1,0,0,0,1,0,0,23,12,15,4242,17,22,1180,0,6,107,1,10,1,3,1,14,2,0,1,0,0,2,2,0,6,1,1,2,0,1,45,2595,0,165,1,9,2,3,4,10,4,3,13,203,0,24,6,4,4
9356,6325,5111,1987,1049,1050,0,2074,10647,105,74,14,0,98,6503,577,184,28,9800,8998,523,277,0,488,5133,2490,3407,1380,3550,471,494,7041,4901,361,2,159,185,429,41,471,30,2532,20,1127,924,25,78,286,0,178,3153,287,953,4019,470,3272,1643,0,358,497,148,4180,458,4650,380,540,184,451,261,35,157,941,362,17,20,22,474,833,136,382,2225,429,180,13,461,74,95,85,541,54,667,8,11,5,19,5,35,6,5,6,8,0,0,199,107,2,42,5,2,84,65,2,21,5,18,15,0,312,50,2975,20896,202,209,11267,6,1429,1020,26,25,36,6,3,264,69,3,58,2,3,53,61,1,186,48,21,32,3,47,3419,8479,2,4913,7,148,20,20,9,81,34,35,206,1173,3,260,265,47,100,6061,488,2427,1935,187,743,2663,3735,5424,86,46,201,0,81,2056,1139,293,164,2430,6336,1165,1452,30,205,836,833,1357,315,1873,136,286,2083,1384,332,52,6,279,354,550,2248,646,718,0,19,32,1,790,515,1,946,1193,904,330,892,116,165,928,0,361,292,149,1159,469,4688,506,96,179,157,390,49,185,1171,834,82,72,119,467,1205,88,244,718,453,299,19,819,91,154,296,622,54,358,0,2,0,20,45,85,4,3,47,5,1,0,387,188,6,130,6,3,84,130,8,49,2,21,40,0,93,81,153,12907,59,578,3313,0,67,1435,66,67,39,7,6,401,150,4,60,4,1,47,149,1,204,74,42,37,3,50,207,5150,1,620,18,330,30,74,68,130,61,50,248,299,2,346,42,65,31
5318,5273,5779,3746,782,733,2074,0,7815,20,6,18,5,0,5786,465,146,25,8938,7402,236,822,0,408,8314,5270,4642,3420,771,396,515,5984,4921,555,18,26,331,503,142,2558,191,847,99,697,194,120,211,223,0,264,1494,86,998,272,748,234,1776,0,719,1052,299,2203,1024,5200,1430,1346,603,1513,594,435,353,3164,2717,333,649,256,1351,2943,737,460,2348,537,372,15,1159,148,177,301,1610,68,516,13,22,32,51,11,83,24,13,26,51,2,0,463,281,8,109,8,3,83,117,5,23,8,38,24,1,959,199,1219,20510,262,636,8506,24,293,2584,105,77,106,23,8,583,69,9,58,5,1,49,100,2,511,51,26,80,21,101,1383,5809,1,723,28,436,657,212,460,531,104,120,392,1126,7,601,57,114,332,5358,460,2319,1673,151,678,2361,3261,4517,474,244,893,0,66,1843,920,184,161,2155,5991,1071,1435,32,441,1197,706,1311,310,1683,140,294,2181,1571,1219,270,38,336,789,645,2223,523,1071,1,99,6,3,458,537,0,784,1673,659,591,1329,222,312,965,0,1163,1284,472,994,1662,5971,1642,417,690,626,555,92,482,1686,795,312,69,344,340,1537,92,391,886,337,360,52,1034,226,198,199,1082,65,413,5,19,24,65,16,116,19,10,36,7,6,0,655,472,9,256,28,3,104,89,2,34,0,68,17,0,482,281,351,13808,120,812,3670,1,47,2011,84,440,98,24,31,626,82,5,64,4,3,60,334,0,82,59,28,98,24,122,357,4750,2,797,100,336,68,212,248,698,167,164,415,293,2,781,49,58,81
4705,7939,6998,8699,3344,4209,10647,7815,0,323,240,51,0,0,1363,34,192,274,11399,11170,1402,11275,35,168,210,40,54,2985,27,282,1098,10,25,187,37,465,680,215,8427,11134,1418,1510,4,275,219,4,401,22,0,8,3032,24,203,2352,96,1836,2746,0,131,338,83,1305,1067,3306,560,676,21,705,164,1,118,246,68,4,3,2,60,229,7,144,5918,1074,128,6,236,23,53,80,258,39,88,0,3,3,7,3,16,1,3,3,2,1,0,176,32,2,11,2,0,52,71,0,6,0,6,4,0,436,7,369,10583,55,30,10709,1,228,360,4,1,3,2,0,225,32,0,18,0,1,27,15,0,25,21,7,9,1,8,562,2554,0,6240,3,76,3,1,1,17,18,20,66,6962,1,63,100,10,62,5172,1614,1812,2193,555,469,6898,2897,11094,14,8,24,0,383,10972,278,336,394,4484,14589,9356,975,0,41,51,41,11,364,582,6,447,276,625,96,3,2,394,49,650,594,5012,82,0,3,1,0,3,226,0,70,199,394,219,95,30,2,431,0,104,71,42,1030,133,720,93,37,46,31,110,5,54,315,145,14,14,14,148,282,15,64,262,109,61,4,160,23,49,49,206,34,28,0,1,1,7,13,18,0,2,1,0,0,0,108,33,1,9,1,1,46,40,6,24,1,3,12,0,28,20,58,10398,24,31,3206,0,64,378,15,14,9,1,0,123,42,1,17,1,1,15,21,1,86,23,11,5,0,10,131,2200,0,45,0,79,3,11,8,28,23,12,45,667,0,88,16,26,14
854,93,9,9,106,0,105,20,323,0,1514,728,4,0,751,280,844,1,382,302,700,8,0,9,15,0,143,0,128,131,0,324,908,455,12,37,78,60,15,21,1030,420,16,63,14,32,1143,2,0,4,702,79,164,71,63,127,3093,0,68,1688,13,1880,2282,1537,1741,2971,312,3311,15,1,15,59,21,14,1,9,6,68,2,9,107,58,47,0,26,1,8,9,59,8,28,0,0,0,0,1,2,0,0,0,2,0,0,21,9,0,1,0,0,42,9,0,0,0,0,0,0,1655,22,559,445,189,41,33,12,218,107,8,11,21,4,2,64,6,0,21,0,0,14,1,0,4,6,1,1,0,0,752,1005,0,119,0,9,1,8,4,35,1,2,4,153,0,29,0,5,183,30,8,4,4,41,2,21,20,25,91,13,53,0,0,43,21,2,0,1,27,22,4,0,4,9,1,1,2,40,0,0,1,5,181,4,0,4,12,2,5,11,33,1,9,1,1,16,4,1,10,120,5,140,31,45,0,171,0,30,66,7,32,69,865,170,89,42,189,19,11,10,103,29,20,6,66,17,95,6,10,31,26,34,2,42,4,11,6,81,4,21,0,0,0,0,1,5,0,4,0,4,1,0,39,9,3,5,0,1,28,5,0,20,1,1,3,0,178,55,29,916,14,13,27,1,6,134,2,4,5,4,6,67,15,2,22,1,1,17,5,1,5,13,11,0,0,1,23,21,0,3,0,16,13,44,61,50,2,4,8,8,0,20,0,4,58
662,71,7,7,73,0,74,6,240,1514,0,288,2,0,400,237,466,0,309,118,483,7,0,121,659,0,125,0,130,105,0,424,965,650,19,66,77,747,20,11,390,291,15,43,17,32,572,2,0,14,523,81,117,29,56,72,1719,0,56,1468,17,1529,1135,509,923,1826,61,1731,10,0,11,65,19,10,0,9,14,56,1,15,77,44,19,1,16,2,3,5,37,5,10,0,0,0,1,0,3,0,0,0,3,0,0,14,5,0,1,0,0,14,13,0,1,0,0,0,0,334,16,403,287,152,31,16,4,187,78,14,9,16,4,3,38,2,0,5,0,0,3,3,0,10,2,0,2,0,1,575,764,0,79,0,10,0,8,2,26,0,0,4,105,0,32,0,13,149,27,6,5,5,24,1,8,8,15,83,4,13,0,0,30,22,2,0,0,20,13,5,0,1,5,0,1,3,21,0,0,5,4,56,1,0,3,8,2,6,9,15,2,5,0,2,14,4,0,8,85,2,64,15,29,1,80,0,21,36,7,16,28,392,70,39,19,66,8,13,9,112,35,25,7,80,19,104,4,11,29,6,13,2,26,2,2,6,51,3,3,0,0,0,1,1,1,0,0,0,1,0,0,10,6,0,1,0,0,11,5,0,3,0,0,1,0,72,61,30,418,11,8,14,0,2,112,3,7,6,4,6,38,2,0,6,0,0,4,2,0,7,2,0,0,0,1,11,10,0,3,0,10,16,52,68,49,0,1,9,8,0,20,1,5,25
86,11,0,0,10,5,14,18,51,728,288,0,0,0,746,406,1030,0,433,133,152,0,0,22,17,23,102,0,250,126,0,153,291,388,2,4,13,1,2,1,1106,33,0,18,3,3,1396,0,0,1,45,1,138,20,12,18,1657,0,6,101,6,68,1059,704,1178,2462,1216,3071,10,0,4,23,83,1,8,0,16,86,15,4,25,15,5,0,26,0,3,2,10,0,8,0,0,0,0,0,0,0,0,0,0,0,0,5,0,0,0,0,0,2,1,0,0,0,0,0,0,2973,2,42,605,13,69,18,5,8,92,1,2,0,1,0,9,0,0,2,0,0,2,0,0,0,0,0,0,0,0,151,122,0,20,0,1,0,1,0,2,0,2,5,8,0,2,0,0,64,26,0,0,0,0,0,8,19,17,204,384,616,0,1,37,40,4,0,26,15,21,0,0,32,88,12,24,2,53,2,1,46,271,274,62,0,4,12,1,11,2,12,0,4,1,0,7,29,0,84,30,2,108,4,7,0,453,0,32,145,4,40,159,976,192,151,280,839,9,1,4,17,9,3,1,5,2,28,2,4,6,7,6,0,13,0,6,0,10,0,4,0,0,0,0,0,1,0,0,0,1,0,0,11,2,0,2,0,0,1,3,0,1,0,0,1,0,821,7,11,1031,26,15,26,1,3,38,1,1,0,1,0,10,0,0,1,0,0,1,0,0,0,0,0,0,0,0,22,3,0,2,0,2,1,5,6,11,1,3,2,1,0,4,0,2,35
0,0,0,0,0,0,0,5,0,4,2,0,0,30,409,1490,332,0,56,9,0,0,0,1,0,0,0,0,46,0,0,0,120,6,0,2,2,0,0,0,70,25,3,0,0,2,2,9,0,2,19,3,16,8,24,1,284,0,2,1,0,6,7,22,9,11,0,13,0,0,0,0,0,0,0,0,0,0,0,0,0,0,0,0,0,0,0,0,1,0,1,0,0,0,0,0,0,0,0,0,0,0,0,0,0,0,0,0,0,1,1,0,0,0,0,0,0,4,0,1,103,6,0,0,178,6,1,0,0,0,0,0,1,0,0,1,0,0,0,0,0,0,0,0,0,0,0,1,1,0,1,0,0,0,0,0,0,0,0,0,0,0,0,0,0,4,0,0,0,0,0,0,0,0,0,1,0,1,0,0,0,0,0,0,0,0,0,0,0,0,0,0,0,0,0,0,0,0,0,2,0,0,0,0,0,0,0,0,0,0,0,0,0,0,0,0,3,2,3,0,3,0,77,0,1,0,0,4,1,5,3,3,0,3,0,0,0,0,0,0,0,0,0,0,0,0,0,0,1,0,0,0,0,0,1,0,0,0,0,0,0,0,0,0,0,0,0,0,0,0,0,0,0,0,0,1,0,0,0,0,0,0,0,2,0,2,6,3,0,0,0,2,1,0,0,0,0,0,1,0,0,1,0,0,1,0,0,0,0,0,0,0,0,0,0,0,0,0,0,0,0,0,0,0,0,0,0,0,0,0,0,4
107,102,0,0,61,0,98,0,0,0,0,0,30,0,6817,1198,64,0,6050,2101,0,0,0,8,226,1493,3810,1,10205,7,1,1996,319,0,1,1,3,2,1,0,14,191,0,26,11,14,5,246,0,27,300,42,182,51,193,38,53,0,49,68,2,118,4,76,51,0,11,1,3,2,4,59,7,13,0,6,7,50,0,6,30,4,2,0,8,0,0,2,10,2,1,0,0,0,0,0,0,0,0,0,0,0,0,1,1,0,0,0,0,1,0,0,0,0,0,0,0,10,29,68,1435,66,34,4,20,99,50,3,8,0,3,1,3,0,0,0,0,0,0,0,0,4,0,0,0,0,0,76,69,0,24,0,1,2,12,0,20,0,0,5,101,0,6,4,0,20,1307,39,1,0,22,3,33,9,4,0,2,1,0,465,1699,252,0,0,1957,361,3,0,0,30,32,13,24,0,494,0,0,289,232,39,0,0,15,19,0,2,1,26,0,0,0,0,85,168,0,108,166,0,182,13,29,0,44,0,5,19,0,55,2,256,12,4,1,6,3,2,1,24,6,0,0,0,2,16,0,2,9,14,0,0,4,0,1,0,9,1,15,0,0,0,0,0,1,0,0,1,0,0,0,3,2,0,2,0,0,1,0,0,0,0,0,0,0,3,2,12,1845,20,6,461,0,2,14,1,3,0,3,0,0,0,0,0,0,0,0,2,0,2,0,0,0,0,0,7,5,0,1,0,0,0,0,0,1,1,0,1,6,0,5,2,1,7
3657,4006,1440,3036,2314,2406,6503,5786,1363,751,400,746,409,6817,0,3085,462,231,26492,11527,1276,9773,25,320,30728,40812,50438,29325,21546,419,968,8190,2313,1317,62,125,317,242,3554,9619,1614,1887,21,55,53,36,1274,2114,0,1774,1338,66,1967,1669,1169,447,2743,0,216,162,125,913,1012,10990,229,1035,38,539,243,5,219,104,47,14,3,7,55,92,13,101,2291,244,201,3,363,32,74,118,333,83,364,0,5,5,11,5,28,1,2,6,2,1,0,298,64,2,12,1,0,111,122,0,7,0,7,5,0,405,55,164,27518,68,43,12851,24,131,336,2,4,14,1,1,453,48,0,46,0,0,51,16,0,22,33,10,12,4,13,256,2102,0,2783,7,100,7,5,1,15,28,43,89,3538,1,79,10,17,56,6547,247,644,507,35,56,2246,395,7652,57,15,166,0,1034,13915,1752,577,424,9276,12999,7896,519,0,164,186,106,21,442,1983,9,471,761,1759,425,3,3,408,183,453,139,4177,68,1,11,1,0,853,784,0,883,270,217,688,53,56,3,1241,0,177,237,49,923,332,2477,310,22,60,40,104,4,118,222,94,22,9,24,69,196,11,62,176,127,63,5,194,35,52,42,314,67,47,2,5,1,11,11,15,2,1,0,2,0,0,179,87,1,28,4,1,102,55,6,34,0,7,19,0,24,56,66,14447,47,65,5376,0,50,384,9,30,11,1,3,218,52,1,58,1,1,58,40,1,33,24,11,8,0,14,124,875,0,27,2,86,9,10,17,54,37,25,44,43,0,95,11,13,24
1098,216,1,1,171,29,577,465,34,280,237,406,1490,1198,3085,0,3947,4,2277,157,71,24,0,63,74,42,87,154,2024,27,55,74,1084,711,10,30,83,44,26,85,1627,1439,16,984,70,62,1635,1089,1,1585,2182,286,753,614,668,185,3202,0,719,880,73,1249,138,2779,439,370,777,183,128,19,72,792,551,108,18,36,116,943,34,95,293,177,60,1,283,29,30,33,211,37,169,0,0,0,4,0,10,2,4,8,4,0,0,111,64,1,27,1,1,41,35,1,4,2,10,6,0,220,214,456,5583,768,996,696,226,827,1061,26,125,53,10,1,144,25,1,30,1,0,27,22,0,44,20,5,12,5,14,637,290,4,369,10,57,18,51,15,460,13,44,65,259,0,157,13,44,155,1789,110,17,1,75,40,468,471,31,506,639,339,0,192,1546,3115,1051,0,1733,1454,33,25,0,501,342,219,759,178,2083,48,80,1386,1412,827,18,92,205,532,78,137,567,348,6,523,7,2,1362,900,3,1739,2571,370,2609,397,3952,20,3779,0,434,648,168,806,641,8426,1131,1564,189,1037,264,185,165,1586,1478,316,358,376,455,1993,174,164,705,397,249,26,746,65,83,114,639,20,116,2,4,3,10,6,58,3,6,6,7,1,0,249,113,4,61,6,0,50,55,8,22,3,15,23,0,780,157,405,10597,631,742,1405,2,399,2231,20,126,67,13,22,388,68,3,36,4,1,25,75,4,94,25,14,17,1,15,445,394,1,207,8,216,209,286,293,460,53,45,170,76,2,340,45,90,566
395,149,6,0,83,4,184,146,192,844,466,1030,332,64,462,3947,0,2,650,545,310,0,0,112,88,50,35,21,117,6,10,57,2115,1959,7,64,88,79,7,10,1191,2098,22,284,57,71,1091,2114,0,3532,1294,234,3106,1294,2286,78,2797,0,701,869,39,1569,411,11010,461,798,436,334,78,8,51,490,122,88,3,38,61,481,17,62,112,37,32,0,98,22,13,19,154,22,521,0,0,0,1,1,3,1,0,1,0,0,0,45,23,0,9,0,0,61,46,0,0,0,3,0,0,226,258,437,10870,825,612,160,142,999,590,21,105,21,7,1,153,10,0,36,0,0,33,11,0,15,8,1,9,1,2,621,391,1,102,3,28,6,55,13,413,10,17,43,112,0,91,6,22,165,152,70,14,1,27,23,103,71,296,487,254,313,0,13,830,1203,1031,0,589,809,580,0,0,19,15,8,1,2,114,1,0,5,37,707,5,4,37,259,6,5,765,164,7,394,8,2,809,32,0,821,2336,409,1824,121,3279,2,3856,0,383,638,152,1068,418,4381,1202,1546,150,1015,136,23,143,858,610,273,100,305,155,1008,60,93,215,74,131,18,292,45,40,32,399,26,51,0,2,2,6,1,21,3,2,2,6,1,0,139,68,1,34,4,0,68,9,2,7,1,6,6,0,799,143,503,4946,934,240,127,2,696,1222,12,104,47,5,17,293,15,0,47,0,0,49,56,2,27,6,3,13,1,7,506,396,0,21,4,96,65,251,250,397,33,23,111,63,1,213,28,67,730
3,1,1006,1,3,3,28,25,274,1,0,0,0,0,231,4,2,0,59,1314,1,61,7,1,271,207,204,199,1,0,121,93,87,9,27,1,73,0,173,10,1,2,0,1,3,5,1,0,0,18,18,0,17,2,0,2,7,0,25,14,9,6,31,223,9,7,6,5,99,2,33,48,25,3,10,3,135,52,72,37,145,93,141,0,192,7,8,81,65,8,16,0,1,1,1,0,5,1,2,5,5,0,0,52,32,0,6,0,0,15,18,0,1,1,4,1,0,3,1,5,299,0,7,64,0,4,112,0,1,2,0,0,160,1,0,15,0,0,14,10,0,37,4,0,1,2,6,13,2,0,13,0,146,2,2,2,3,3,24,124,4,1,15,0,3,5,9,0,0,0,0,1,2,5,14,7,2,1,0,0,7,24,2,0,7,7,2,0,0,5,7,3,6,0,48,1,4,55,56,6,0,0,0,3,0,3,2,1,0,0,0,0,2,11,0,6,16,0,9,1,0,0,9,0,15,7,1,2,21,69,10,1,1,3,26,0,9,13,1,0,1,0,5,4,0,7,12,25,18,0,23,20,25,7,38,9,19,0,1,2,2,6,19,0,0,3,0,0,0,17,32,0,12,0,1,23,14,2,5,0,3,4,0,3,3,4,130,0,2,4,0,0,24,13,4,1,0,0,32,27,1,17,1,0,8,29,0,1,12,2,4,4,8,5,0,0,2,11,13,0,0,0,0,5,4,3,1,0,17,0,2,1
3144,5403,6223,1757,3973,3637,9800,8938,11399,382,309,433,56,6050,26492,2277,650,59,0,51297,211,2737,0,826,30641,36785,43996,28486,20979,758,968,10298,3776,1090,9,73,173,585,609,2609,749,2077,18,74,79,46,310,2165,0,1660,1838,96,1961,2400,1205,762,2075,0,85,143,22,300,118,5068,133,661,25,144,37,2,26,136,33,19,0,8,37,118,5,46,3121,221,25,0,52,6,10,10,69,8,338,0,0,0,1,1,5,0,0,1,0,0,0,20,10,0,4,0,0,23,18,0,1,0,0,1,0,69,69,144,27190,159,52,9594,15,195,142,5,9,7,4,1,77,6,0,5,0,0,9,2,0,18,7,2,2,0,2,198,1099,0,4124,2,20,3,15,0,28,6,5,30,5651,0,35,21,5,64,6253,160,208,85,48,91,3116,360,2119,27,7,145,0,1200,9474,1968,10,34,8780,6330,1818,96,0,156,218,146,241,36,2244,10,33,932,1759,433,0,0,50,179,46,73,334,91,1,12,1,0,941,934,0,955,485,51,886,85,87,5,1694,0,89,131,32,167,142,2427,203,23,47,42,32,5,25,209,125,22,5,24,23,209,10,21,96,49,18,2,73,11,15,10,86,8,33,0,2,0,5,4,9,2,0,1,0,0,0,36,25,0,9,3,0,21,0,2,4,0,4,4,0,21,25,62,11645,105,78,5085,0,77,244,9,27,9,4,3,38,5,0,11,0,0,9,13,0,13,4,3,4,0,5,33,600,0,34,2,22,7,9,17,50,18,8,25,53,0,62,11,4,40
5658,5440,7172,3684,2799,5059,8998,7402,11170,302,118,133,9,2101,11527,157,545,1314,51297,0,1647,6031,350,975,40254,51386,68659,59439,11844,1912,5679,9758,1755,202,137,87,754,717,4049,3913,1940,1321,8,31,18,9,950,179,0,151,1705,17,253,2033,62,521,3704,0,86,95,48,1002,656,7061,121,749,24,304,85,4,61,172,65,10,4,2,57,161,13,91,4524,393,59,3,120,12,26,34,170,26,27,0,1,1,4,2,8,0,2,2,0,0,0,71,16,0,7,0,0,68,63,0,2,0,1,0,0,233,29,146,35768,21,39,10518,2,130,237,3,2,6,3,0,150,21,0,27,0,1,29,8,0,23,13,2,6,1,4,260,4429,0,5469,1,44,2,3,0,14,7,16,47,6302,1,41,46,4,30,9534,429,2448,1448,38,176,5431,1260,13897,44,16,37,0,731,16902,1791,571,233,9271,20682,11599,1028,0,108,141,105,24,144,1594,10,218,522,1350,121,3,1,159,15,489,749,5896,49,0,0,0,0,1039,654,0,1069,148,459,526,70,13,1,1790,0,107,45,28,1051,162,2531,76,9,32,7,75,4,63,262,131,12,16,13,119,247,15,37,178,60,39,3,97,12,24,22,162,29,23,0,0,0,3,6,14,0,0,0,1,0,0,66,19,0,10,1,0,67,22,3,19,0,2,16,0,8,29,42,18050,15,25,5852,0,60,366,9,5,8,2,1,150,15,0,38,0,0,44,15,0,65,12,8,3,0,5,113,3674,0,29,0,41,6,8,9,22,11,9,32,203,0,66,14,18,6
2457,265,61,55,256,94,523,236,1402,700,483,152,0,0,1276,71,310,1,211,1647,0,56,0,77,40,4,9,61,32,4,7,6,16,513,40,556,544,233,54,111,574,400,4,77,16,3,634,30,0,29,648,157,380,186,242,64,2072,0,252,514,120,825,1864,5694,1277,1175,39,1313,229,5,213,136,49,13,3,9,47,104,11,94,300,109,197,3,347,29,72,116,318,84,62,0,5,5,11,4,26,1,2,6,2,1,0,288,59,2,10,1,0,108,117,0,7,0,7,5,0,512,29,194,7008,111,48,563,2,155,339,5,3,7,0,2,410,45,0,52,0,0,50,16,0,16,29,10,11,4,13,411,2341,0,172,6,92,6,5,1,21,24,39,81,199,1,68,13,16,228,5327,346,631,411,27,30,301,287,11318,85,17,66,0,476,11425,462,575,143,5400,14881,11288,382,0,58,79,91,15,84,819,8,140,329,792,125,6,3,133,29,230,211,5425,23,1,3,1,0,81,319,0,135,183,159,271,25,34,2,740,0,142,79,27,885,271,1128,117,46,33,48,101,4,108,228,63,16,10,20,73,195,5,55,148,107,76,4,172,28,52,35,300,67,31,3,4,1,9,12,16,1,1,0,6,0,0,168,75,1,24,1,1,101,58,7,35,0,4,20,0,31,49,113,11419,64,42,2873,0,75,393,6,17,3,0,1,231,56,1,63,1,1,63,32,1,33,25,11,6,0,12,184,1406,0,10,0,83,8,11,17,31,26,22,29,33,0,56,6,13,22
1258,317,6777,611,172,150,277,822,11275,8,7,0,0,0,9773,24,0,61,2737,6031,56,0,0,10,3161,2652,2812,1539,11,9,53,1289,911,45,0,8,18,2,104,531,51,91,0,2,0,0,0,13,0,14,102,0,61,137,1,12,586,0,0,13,0,17,12,79,14,17,0,17,2,0,0,2,1,0,0,0,0,0,0,1,68,5,1,0,2,0,2,1,1,0,0,0,0,0,0,0,0,0,0,0,0,0,0,2,0,0,0,0,0,1,1,0,0,0,0,0,0,1,0,1,7756,0,0,2115,0,0,1,0,0,0,1,0,2,1,0,0,0,0,0,0,0,0,1,0,0,0,0,5,1517,0,162,0,1,0,0,0,0,1,0,1,231,0,1,0,0,5,1798,92,479,218,23,22,208,102,1756,0,0,0,0,1,738,57,0,46,261,1897,586,236,0,12,24,17,17,32,69,2,36,64,97,12,0,0,34,10,125,148,258,6,0,0,0,0,1,38,0,10,4,0,23,24,5,0,577,0,2,1,1,8,0,85,0,1,0,0,4,0,1,10,1,0,0,0,4,10,0,3,26,2,0,0,3,0,3,0,4,0,1,0,0,0,0,1,1,0,0,0,0,0,0,1,0,0,0,0,0,0,0,0,1,0,0,1,0,1,0,0,1880,0,0,301,0,1,10,0,0,0,0,0,0,1,0,0,0,0,0,0,0,1,1,1,0,0,0,6,1237,0,5,0,0,0,0,0,1,2,0,3,26,0,3,3,0,0
5,2,252,0,0,0,0,0,35,0,0,0,0,0,25,0,0,7,0,350,0,0,0,36,258,69,49,49,0,0,43,16,37,4,93,0,39,4,23,0,0,0,0,0,0,0,0,0,0,0,0,0,6,0,0,0,1,0,0,0,0,0,0,5,0,1,0,0,0,0,1,0,0,0,0,0,2,2,0,2,0,0,0,0,0,0,0,0,1,0,0,0,0,0,0,0,0,0,0,0,0,0,0,0,1,0,0,0,0,0,0,0,0,0,0,0,0,0,0,0,102,0,0,4,0,0,2,0,0,0,0,0,0,0,0,0,0,0,0,0,0,2,0,0,0,0,0,0,0,0,0,0,0,0,0,0,0,0,0,0,0,0,0,0,0,0,13,2,0,0,0,0,4,6,0,0,0,0,0,0,11,12,1,0,17,10,0,1,0,3,10,6,16,7,17,3,3,33,24,0,0,0,1,0,1,5,0,0,0,0,0,0,1,13,0,7,0,0,2,0,0,0,1,0,0,0,0,0,0,27,0,0,0,0,0,0,0,0,0,0,0,0,0,0,0,0,0,0,0,0,0,0,0,0,0,0,0,0,0,0,0,0,0,0,0,0,0,0,0,0,1,0,1,0,0,0,0,0,0,0,0,0,0,0,0,0,54,0,0,13,0,0,0,0,0,0,0,0,0,0,0,0,0,0,0,1,0,0,0,0,0,0,0,0,0,0,0,1,0,0,0,0,0,0,0,0,0,0,0,0,0,0
424,205,94,11,73,148,488,408,168,9,121,22,1,8,320,63,112,1,826,975,77,10,36,0,576,86,240,318,89,0,23,264,553,85,236,15,171,218,150,135,129,58,4,2,9,5,132,27,0,48,158,52,58,53,22,36,272,0,113,166,44,143,519,637,74,362,40,323,41,47,19,181,86,4,49,3,189,182,107,49,232,81,93,1,175,6,43,95,122,7,13,1,1,0,0,1,2,0,0,2,1,0,0,73,20,1,5,0,0,32,68,1,5,0,1,10,0,124,8,47,476,28,19,926,1,34,163,25,7,9,0,2,112,11,0,30,0,0,26,5,0,41,3,2,2,0,2,94,110,0,143,1,89,46,3,17,7,4,5,57,221,0,84,2,28,31,640,79,1,1,2,0,229,211,1,21,11,15,0,34,379,514,6,0,619,360,1,20,0,80,417,326,706,132,1194,69,72,1390,858,52,2,2,8,31,14,122,2,18,0,1,0,0,109,339,1,458,35,25,92,30,8,32,215,0,14,27,6,49,58,1644,42,22,15,46,24,4,11,44,13,6,2,15,16,37,2,9,30,42,17,0,36,3,24,10,80,6,21,1,0,0,1,8,10,0,1,0,0,0,0,39,16,1,10,0,0,40,19,0,12,0,1,9,0,46,12,10,3014,7,5,512,0,2,74,1,3,1,0,0,54,24,1,20,1,0,26,8,0,6,17,10,0,0,3,8,20,0,44,2,21,4,11,11,8,7,4,8,3,0,13,1,0,16
453,1913,259,1127,1298,1374,5133,8314,210,15,659,17,0,226,30728,74,88,271,30641,40254,40,3161,258,576,0,1522,1025,1944,103,215,1194,1655,1139,401,358,10,490,209,947,2623,107,301,0,14,38,0,110,30,0,63,495,46,266,875,18,254,161,0,23,28,18,57,252,825,13,133,19,98,81,2,18,36,23,2,2,0,66,39,6,19,1260,54,145,0,147,7,12,124,58,4,30,0,0,0,1,2,5,0,0,3,0,0,0,45,8,3,5,0,1,46,42,1,1,1,5,1,0,31,3,29,2346,18,13,8038,0,19,87,0,2,4,0,0,145,13,1,41,1,0,43,14,0,7,12,5,6,0,14,38,61,0,1467,0,128,3,0,0,1,2,11,106,2070,0,22,1,3,0,672,85,0,0,3,8,1214,328,1,20,12,12,0,34,385,525,7,0,638,367,1,19,0,80,439,339,748,144,1226,72,76,1467,914,24,5,2,4,29,13,126,1,22,0,1,0,0,105,353,1,470,145,25,81,43,11,38,195,0,13,13,3,46,68,1744,37,1,1,10,23,0,8,43,35,3,3,4,8,42,1,5,15,48,28,0,35,6,35,14,74,3,38,0,0,0,1,23,23,0,2,0,1,0,0,36,9,1,6,0,0,47,18,1,10,1,1,3,0,7,4,1,3307,5,9,653,0,2,97,2,2,0,0,0,65,50,2,45,1,0,32,12,0,4,41,29,2,0,15,4,22,0,54,0,10,0,0,3,3,4,2,5,6,0,11,2,0,9
326,1091,89,802,717,937,2490,5270,40,0,0,23,0,1493,40812,42,50,207,36785,51386,4,2652,69,86,1522,0,2181,1195,47,238,821,879,936,382,63,0,173,56,470,2306,33,184,0,0,12,2,58,20,0,26,198,19,221,627,6,66,45,0,9,7,1,17,6,356,2,15,3,1,13,1,7,18,9,0,1,1,16,19,9,9,703,16,14,0,26,3,0,9,14,1,8,0,0,0,0,0,0,0,0,0,0,0,0,9,7,0,1,0,0,1,1,0,0,0,0,0,0,0,0,4,1658,13,9,4730,0,14,27,0,2,3,0,0,18,0,0,2,0,0,2,3,0,4,0,0,0,0,1,10,23,0,952,0,15,2,0,1,0,0,7,9,1198,0,8,1,3,2,554,69,0,0,2,1,784,203,0,1,6,3,0,31,350,458,6,0,575,335,1,18,0,64,384,302,666,128,1028,65,70,1200,740,8,1,0,1,16,12,114,1,16,0,0,0,0,80,312,0,434,17,1,55,28,1,31,162,0,6,5,0,14,13,1242,4,1,0,1,8,0,1,9,2,0,0,0,4,8,1,2,1,7,4,0,4,5,11,1,6,1,7,0,0,0,0,2,10,0,0,0,0,0,0,4,7,0,3,0,0,2,2,1,1,0,0,1,0,0,1,0,2436,2,1,486,0,1,10,3,2,0,0,0,5,7,0,1,0,0,0,5,0,1,1,0,0,0,1,2,1,0,40,0,3,0,0,0,0,2,2,0,3,0,6,0,0,1
484,1983,2,787,1589,989,3407,4642,54,143,125,102,0,3810,50438,87,35,204,43996,68659,9,2812,49,240,1025,2181,0,3556,1275,352,1126,778,1107,409,59,0,318,156,584,2368,7,207,0,6,7,0,13,44,0,77,317,37,294,640,37,199,24,0,26,11,7,43,27,461,0,14,4,6,11,0,6,50,16,1,3,1,34,51,7,14,846,60,30,0,28,3,5,6,28,4,8,0,0,0,0,0,1,0,0,0,0,0,0,26,5,0,2,0,0,4,13,0,0,0,0,1,0,3,0,7,3053,11,7,4831,0,13,81,1,1,1,0,0,34,0,0,6,0,0,4,1,0,14,1,0,0,0,1,19,46,0,1124,0,12,0,1,0,6,4,1,11,1618,0,18,3,1,0,673,67,0,0,2,1,759,167,6,3,6,5,0,20,470,405,8,0,650,449,12,13,0,66,330,255,517,98,1004,46,55,1188,835,19,2,0,2,29,11,94,0,20,0,0,0,0,44,281,0,291,28,27,67,22,3,17,151,0,5,6,0,38,14,1170,11,2,1,5,11,0,1,27,14,1,0,2,2,20,1,1,10,13,4,0,13,4,9,1,14,4,9,0,0,0,0,2,4,0,0,0,0,0,0,15,5,0,4,0,0,7,4,0,0,0,0,0,0,3,1,3,2540,3,8,535,0,2,30,2,2,0,0,0,13,5,0,5,0,0,4,3,0,2,4,1,1,0,1,3,24,0,20,1,4,0,1,1,1,2,0,0,1,0,4,0,1,2
512,351,2404,108,140,183,1380,3420,2985,0,0,0,0,1,29325,154,21,199,28486,59439,61,1539,49,318,1944,1195,3556,0,76,338,932,1384,1759,250,32,0,62,240,366,1488,4,53,0,3,3,0,13,169,0,154,88,67,335,52,20,114,29,0,24,12,10,143,39,1047,3,11,8,8,24,0,11,52,35,2,3,1,59,56,24,15,155,39,62,0,61,3,9,20,46,4,6,0,1,0,0,0,5,1,1,0,0,0,0,39,7,1,3,0,0,24,26,0,0,4,1,5,0,4,0,10,2868,7,18,3999,0,17,118,0,0,2,0,0,73,4,0,25,1,0,24,5,0,25,7,4,0,0,7,26,81,0,195,0,39,1,1,0,2,4,3,31,262,0,12,1,0,1,1278,71,0,0,1,19,491,476,77,7,3,4,0,52,829,688,6,0,1307,790,2,36,0,127,725,662,1403,332,1763,150,146,2524,1802,33,3,1,8,73,26,220,2,45,0,0,0,0,172,619,0,576,61,132,55,46,10,27,256,0,8,8,2,142,53,2979,7,3,4,6,19,0,1,18,8,2,0,3,10,14,0,2,17,17,22,0,26,6,14,8,42,4,16,0,0,0,0,7,8,0,0,0,0,0,0,23,6,1,2,0,0,24,16,0,1,0,0,1,0,4,2,8,5659,15,6,778,0,10,58,2,3,1,0,0,49,16,0,23,0,0,20,9,0,0,12,3,4,0,7,35,107,0,31,1,10,0,2,2,2,2,0,5,17,0,7,0,3,2
600,2581,2,143,2545,540,3550,771,27,128,130,250,46,10205,21546,2024,117,1,20979,11844,32,11,0,89,103,47,1275,76,0,34,77,226,1926,853,14,8,16,68,8,17,112,1270,12,51,76,21,64,1841,0,1281,836,10,1584,1224,996,540,210,0,25,25,15,44,23,1964,38,109,8,35,23,0,11,84,24,3,0,3,26,78,3,35,880,125,16,0,27,4,6,5,34,4,338,0,0,0,1,0,3,0,0,1,0,0,0,11,8,0,4,0,0,6,3,0,1,0,0,1,0,24,23,50,4156,12,13,2256,0,17,84,2,1,6,0,1,38,1,0,5,0,0,4,2,0,15,1,1,2,0,2,92,50,0,1085,2,7,1,3,0,12,5,3,16,1876,0,23,17,4,22,1801,21,8,1,3,16,507,187,19,18,27,129,0,985,2456,1367,3,0,2996,1055,25,3,0,134,187,82,304,9,2671,14,16,1599,1501,351,1,0,8,202,0,23,3,51,0,12,1,0,337,805,0,602,252,3,646,42,38,9,250,0,68,67,27,16,125,1811,147,4,43,22,25,2,20,174,111,21,0,25,16,181,7,17,48,34,14,3,58,9,10,9,65,7,13,0,2,0,5,3,5,2,0,0,0,0,0,29,20,0,8,3,0,6,0,2,3,0,4,3,0,4,16,16,5065,4,76,981,0,3,211,7,27,8,0,0,28,3,0,5,0,0,4,12,0,11,2,2,4,0,5,16,9,0,25,2,17,3,10,18,45,14,7,20,17,0,52,7,2,10
234,160,0,10,70,144,471,396,282,131,105,126,0,7,419,27,6,0,758,1912,4,9,0,0,215,238,352,338,34,0,96,394,726,367,0,0,0,1,4,23,1,42,0,0,3,0,7,23,0,22,34,19,213,52,7,30,17,0,4,5,1,16,2,288,0,14,2,4,2,1,1,9,3,0,1,0,8,12,2,4,65,1,3,0,7,1,0,2,4,0,6,0,0,0,0,0,0,0,0,0,0,0,0,1,1,0,1,0,0,0,0,0,0,0,0,0,0,0,0,4,418,13,3,706,0,14,13,0,1,2,0,0,3,0,0,0,0,0,0,1,0,3,0,0,0,0,0,7,23,0,139,0,3,1,0,0,0,0,0,1,208,0,4,1,2,0,394,67,0,0,1,0,200,159,0,0,6,3,0,21,220,307,4,0,402,207,0,14,0,46,321,256,515,101,769,47,58,969,618,6,1,0,1,13,10,89,0,17,0,0,0,0,24,239,0,286,16,1,41,29,1,32,108,0,1,2,0,13,6,923,2,1,0,1,2,0,0,5,2,0,0,0,1,5,1,0,0,2,1,0,2,0,2,0,1,0,3,0,0,0,0,0,2,0,0,0,0,0,0,2,1,0,3,0,0,1,1,0,0,0,0,0,0,0,0,0,1861,2,1,378,0,1,5,0,0,0,0,0,1,0,0,0,0,0,0,1,0,1,0,0,0,0,0,1,0,0,42,0,1,0,0,0,0,0,0,0,1,0,1,0,0,1
109,102,1676,12,93,135,494,515,1098,0,0,0,0,1,968,55,10,121,968,5679,7,53,43,23,1194,821,1126,932,77,96,0,792,880,60,35,0,43,4,88,144,4,12,0,1,4,5,6,47,0,55,54,26,89,30,6,44,24,0,27,10,11,33,31,322,14,17,7,5,87,0,45,32,16,1,7,1,93,36,59,48,188,81,109,0,161,12,8,55,75,9,17,0,1,1,2,0,9,1,1,8,5,0,0,64,36,4,10,0,1,17,19,0,1,0,8,1,0,0,1,9,1217,4,7,1100,0,7,99,0,2,3,0,0,129,6,1,30,1,0,25,12,0,17,15,2,7,1,15,14,33,0,143,0,111,1,0,2,2,3,40,101,196,1,19,0,2,5,159,23,0,0,0,0,111,52,44,16,2,1,0,6,78,207,7,0,130,68,2,3,0,33,111,76,146,34,500,16,16,571,521,15,0,0,2,21,3,29,2,7,0,0,0,0,18,137,0,99,19,24,48,17,2,28,63,0,17,9,0,28,25,691,7,0,1,0,49,0,4,19,1,1,0,1,7,9,0,12,13,43,26,0,39,27,48,8,60,8,35,0,1,1,1,19,48,0,0,1,1,0,0,35,35,0,15,0,0,28,12,1,6,0,0,4,0,0,3,6,1267,2,4,136,0,1,30,18,8,2,0,0,45,59,0,31,0,0,5,27,0,0,25,18,4,0,16,4,20,0,33,2,19,0,1,1,0,9,8,5,1,0,22,0,2,0
1149,3423,7,892,2867,1437,7041,5984,10,324,424,153,0,1996,8190,74,57,93,10298,9758,6,1289,16,264,1655,879,778,1384,226,394,792,0,528,9,24,5,299,118,678,1041,25,431,1,52,63,1,16,22,0,61,874,3,70,1025,78,574,82,0,19,23,12,42,17,230,16,21,10,16,15,0,10,78,23,1,0,1,21,72,4,30,1536,124,11,0,20,4,5,3,21,3,33,0,0,0,1,0,2,0,0,1,0,0,0,7,3,0,4,0,0,1,1,0,1,0,0,1,0,15,4,57,3545,10,12,7023,0,12,72,2,0,4,0,1,10,1,0,1,0,0,0,4,0,10,1,1,1,0,2,86,21,0,1838,1,5,0,1,0,10,1,0,13,2868,0,15,18,6,3,3065,4,0,0,2,15,1152,177,18,9,3,8,0,929,3555,391,5,0,4182,2275,29,3,0,71,277,300,963,2,2081,10,7,2026,937,17,0,0,0,20,0,13,6,18,0,2,0,0,31,289,0,68,206,2,207,22,28,7,30,0,12,9,2,13,8,496,65,1,2,6,11,0,3,110,84,11,1,10,5,105,2,3,26,24,4,2,29,3,5,3,17,5,1,0,0,0,2,3,3,0,0,0,0,0,0,7,5,0,2,0,0,1,0,2,3,0,1,3,0,2,6,7,5305,2,42,1595,0,2,111,4,8,0,0,0,7,3,0,1,0,0,0,3,0,6,2,2,1,0,2,6,6,0,15,0,4,1,3,10,10,2,0,3,9,0,9,1,0,12
1852,1113,12,368,536,1470,4901,4921,25,908,965,291,120,319,2313,1084,2115,87,3776,1755,16,911,37,553,1139,936,1107,1759,1926,726,880,528,0,228,47,1,243,302,569,768,135,333,0,20,33,0,1135,121,0,104,306,10,260,706,43,123,440,0,19,16,4,24,21,456,12,12,9,14,16,1,2,44,22,1,1,1,29,37,3,7,913,16,15,1,28,4,3,13,14,1,18,0,1,1,1,0,2,3,1,0,2,0,0,8,2,0,4,0,0,6,3,1,0,0,1,1,0,9,0,28,2362,6,17,5230,0,7,58,1,1,7,0,0,19,0,1,6,0,0,6,3,0,11,2,0,3,0,1,33,24,0,1179,1,15,1,1,0,5,3,1,7,1617,1,20,1,5,5,3581,39,8,2,0,48,1329,488,16,11,22,107,0,619,3138,1487,7,1,3713,2838,8,32,0,169,646,599,2070,279,3498,100,115,3575,2415,287,0,0,8,133,22,177,4,50,0,10,1,0,359,1008,0,766,179,2,484,43,24,16,265,0,51,59,23,11,96,2143,110,2,40,14,16,1,21,89,70,20,2,17,14,111,6,16,32,20,13,3,46,4,7,9,44,2,13,0,3,0,5,0,4,2,0,0,0,0,0,24,13,0,8,5,0,6,1,0,0,0,5,0,0,2,16,12,7723,5,56,2291,0,2,140,3,13,5,0,0,23,2,0,6,0,0,4,4,0,7,2,1,3,0,5,13,9,0,20,3,15,1,7,13,35,11,7,17,15,0,35,6,0,12
579,105,13,9,87,319,361,555,187,455,650,388,6,0,1317,711,1959,9,1090,202,513,45,4,85,401,382,409,250,853,367,60,9,228,0,11,90,1558,1160,77,243,1633,457,89,188,51,114,2035,7,1,21,754,35,989,217,209,99,4050,0,327,2111,129,2154,3051,1159,4168,4927,1827,6382,148,2,126,284,312,28,33,26,103,414,51,158,275,69,53,1,231,18,40,47,218,7,77,0,1,2,2,5,7,1,0,1,2,0,0,98,53,0,38,2,0,23,7,0,3,0,4,3,0,4268,85,552,874,244,364,474,41,104,544,42,44,39,9,5,89,10,1,18,0,0,9,24,1,27,8,5,36,2,8,825,734,0,166,3,34,18,17,42,107,40,33,94,178,1,237,25,52,672,270,20,4,2,12,11,133,143,39,646,603,1360,0,9,192,307,9,1,187,156,42,11,0,85,289,66,230,79,360,18,24,311,660,994,137,1,16,108,11,54,17,70,1,42,2,1,76,195,1,360,227,8,595,88,66,5,1483,0,198,709,35,104,412,2899,682,676,554,2055,118,5,69,203,110,23,4,33,24,183,13,29,117,62,98,2,154,37,67,16,130,1,27,0,2,0,4,1,13,2,3,0,3,1,0,98,33,2,13,3,0,26,7,0,3,1,5,2,0,2212,29,68,3250,76,75,329,1,17,296,3,35,17,9,0,121,8,3,18,1,0,13,35,0,8,6,3,7,0,9,59,20,0,26,2,37,1,29,24,81,18,12,34,14,0,77,4,5,192
11,4,36,0,2,0,2,18,37,12,19,2,0,1,62,10,7,27,9,137,40,0,93,236,358,63,59,32,14,0,35,24,47,11,0,14,175,57,69,34,57,11,0,6,0,0,21,0,0,36,133,0,15,9,5,9,83,0,147,52,73,17,382,848,22,110,29,94,195,193,49,454,288,11,207,14,485,413,326,61,573,230,363,2,637,13,88,299,207,9,45,1,1,0,2,3,12,0,4,5,4,0,0,163,39,2,7,0,1,74,145,1,13,1,4,12,0,34,5,19,248,2,21,37,0,5,373,10,10,7,0,7,373,47,2,76,1,2,67,28,0,67,20,6,6,0,16,50,8,0,26,1,374,182,7,51,19,8,17,281,7,3,140,2,8,0,49,2,0,0,0,0,42,40,2,31,29,9,0,0,20,31,3,0,25,19,2,1,0,34,27,10,34,9,89,3,4,112,66,14,25,5,23,34,7,10,2,43,0,0,0,0,4,22,1,11,64,0,39,47,12,2,21,0,21,23,18,13,123,296,28,14,8,20,47,9,28,43,9,0,7,3,26,24,6,17,76,123,49,0,108,9,61,45,192,10,72,2,1,1,5,39,34,0,3,0,2,0,0,123,32,3,19,0,0,74,68,1,35,2,1,20,0,10,10,6,434,2,4,70,0,0,129,2,5,0,0,0,147,88,3,74,1,1,48,36,1,5,68,41,5,0,21,29,3,0,19,4,58,8,0,5,4,13,7,19,4,0,24,4,0,2
943,142,9,9,143,0,159,26,465,37,66,4,2,1,125,30,64,1,73,87,556,8,0,15,10,0,0,0,8,0,0,5,1,90,14,0,3048,587,17,26,81,654,18,135,31,65,52,4,0,9,1060,115,43,69,95,162,1962,0,368,2261,213,2091,1542,422,1553,2741,212,2434,165,2,78,386,115,33,3,13,72,289,8,203,312,342,176,1,144,20,200,145,515,82,144,2,1,2,3,44,51,2,8,15,37,0,0,306,121,6,53,1,3,264,173,5,90,7,16,21,2,361,42,802,174,244,206,61,4,327,374,148,93,43,11,4,158,153,6,186,4,2,97,28,2,47,98,61,16,7,61,1107,1124,3,170,2,106,4,18,5,160,6,6,28,217,5,260,19,152,203,27,10,5,5,76,1,27,29,21,168,24,34,0,0,43,27,9,0,0,29,20,5,0,15,33,1,2,14,6,0,0,0,3,81,7,8,15,36,6,6,16,55,2,11,2,2,13,0,2,8,276,4,93,34,59,4,111,0,73,69,18,46,168,583,103,71,30,84,92,20,33,200,63,38,14,102,39,157,11,29,118,300,93,3,192,17,109,37,439,34,224,1,3,4,8,53,32,8,39,7,6,8,1,251,53,26,48,0,8,174,55,9,99,12,15,57,0,94,87,112,626,24,15,43,0,8,310,9,14,15,9,6,216,244,27,186,6,21,67,50,9,13,188,129,16,3,45,51,20,0,13,2,74,22,73,87,64,7,7,32,24,3,60,2,10,26
810,160,432,37,165,562,185,331,680,78,77,13,2,3,317,83,88,73,173,754,544,18,39,171,490,173,318,62,16,0,43,299,243,1558,175,3048,0,887,802,1767,143,817,69,201,77,123,83,5,0,83,2605,89,716,237,262,212,2818,0,1403,3656,804,2696,4230,3768,3895,3839,1128,4462,1103,743,652,4154,2888,926,976,944,1745,3865,1138,838,3442,1790,1619,14,2742,151,791,1219,3071,251,869,29,25,9,37,105,133,32,32,48,86,0,0,1342,461,30,192,14,7,866,781,16,209,17,73,96,2,1158,361,1218,1983,438,629,564,10,331,3667,296,207,116,25,19,1774,587,19,693,18,6,440,193,6,239,312,172,108,13,266,1498,1000,3,252,26,1718,1149,733,607,842,103,154,991,431,19,1101,94,316,380,77,13,5,5,75,3,79,268,56,492,326,350,0,0,83,55,24,0,20,73,50,6,0,258,153,12,31,26,73,1,3,84,69,681,124,119,188,364,109,47,40,411,2,16,3,6,17,19,4,17,806,8,544,316,122,10,377,0,438,578,117,144,1187,2345,722,356,332,777,510,100,192,824,165,78,42,167,211,440,51,175,1026,1139,530,14,932,120,503,213,1801,139,1087,15,14,32,65,179,181,17,84,37,21,12,2,996,267,59,184,2,22,728,284,32,362,30,52,179,1,690,219,148,2402,49,101,433,1,16,1192,30,105,27,25,42,1007,841,59,626,18,35,335,247,22,50,629,461,61,21,353,235,47,2,175,29,353,82,110,113,197,91,71,170,48,14,280,36,31,195
456,115,41,24,75,267,429,503,215,60,747,1,0,2,242,44,79,0,585,717,233,2,4,218,209,56,156,240,68,1,4,118,302,1160,57,587,887,0,65,196,40,336,3,37,8,23,60,17,0,36,361,70,717,54,251,36,833,0,244,941,91,865,1020,582,1026,788,362,963,111,3,85,306,116,149,2,113,68,218,22,119,234,33,55,4,137,20,35,48,239,9,23,1,3,3,5,4,8,5,1,1,3,1,0,103,47,1,32,2,0,29,34,1,5,0,5,8,0,207,46,412,1284,196,138,697,2,107,278,39,24,29,10,2,74,8,1,20,0,0,16,28,1,17,7,4,35,2,11,392,361,0,154,2,30,10,129,30,112,30,31,68,300,2,171,15,46,58,278,29,1,1,4,5,136,96,12,396,32,194,0,14,149,258,13,0,236,137,15,8,0,51,174,125,279,49,668,20,28,657,463,245,6,5,23,255,10,63,15,64,1,19,3,4,29,157,1,214,254,27,101,48,38,31,186,0,232,382,96,95,446,1451,404,59,158,83,143,27,93,458,229,127,9,158,62,452,27,117,171,53,102,12,254,48,39,60,270,4,25,1,3,0,10,2,19,4,3,1,2,2,0,128,52,3,19,7,0,43,14,0,2,1,12,2,0,64,58,167,2003,29,191,253,0,15,506,4,205,26,10,6,188,10,2,18,1,0,27,50,0,33,9,6,15,1,15,75,38,0,43,7,74,15,97,106,313,38,52,102,29,0,149,31,9,21
368,6,3646,7,10,11,41,142,8427,15,20,2,0,1,3554,26,7,173,609,4049,54,104,23,150,947,470,584,366,8,4,88,678,569,77,69,17,802,65,0,251,68,58,1,26,4,5,20,1,0,43,605,0,146,32,29,22,641,0,582,161,285,94,848,1967,241,143,171,172,765,331,243,1384,759,309,355,297,1498,1389,868,285,1826,1007,1134,6,2065,61,386,1043,813,33,197,7,7,0,14,33,43,16,12,17,25,0,0,654,180,15,66,7,2,157,482,4,75,2,33,48,0,46,85,179,1839,22,158,822,0,24,1595,38,57,50,3,10,1359,245,6,179,9,2,134,98,1,138,96,33,35,2,73,224,432,0,116,15,1453,361,263,153,184,59,98,1086,55,6,521,22,45,7,477,63,93,40,25,24,157,278,486,92,124,80,0,1,502,61,3,16,46,452,259,44,0,131,79,17,32,21,110,2,18,113,105,93,65,32,118,172,73,50,226,272,0,3,0,0,4,38,1,11,285,0,224,268,58,6,592,0,139,152,70,45,410,689,165,63,68,93,195,24,73,211,40,9,17,14,81,105,12,53,411,416,155,3,362,46,231,128,542,29,263,10,9,10,21,96,98,2,10,12,6,1,0,406,118,9,78,2,5,169,162,7,114,5,13,64,1,31,43,24,1296,3,28,348,0,1,365,14,49,12,4,0,367,282,10,144,5,5,82,118,4,12,213,85,15,6,109,109,272,2,123,12,165,18,7,10,46,49,22,70,39,3,127,9,4,11
1305,420,4487,386,207,529,471,2558,11134,21,11,1,0,0,9619,85,10,10,2609,3913,111,531,0,135,2623,2306,2368,1488,17,23,144,1041,768,243,34,26,1767,196,251,0,114,348,5,62,11,20,15,43,0,108,1512,19,1136,205,178,64,933,0,808,673,408,431,1679,3292,873,430,468,734,949,653,473,3873,3155,741,943,735,2133,3698,1344,496,2982,1666,1528,10,2844,102,499,1107,2258,78,857,23,22,7,27,43,58,26,17,27,39,0,0,899,329,14,112,14,3,372,520,7,87,2,48,56,0,71,221,334,8197,125,418,2281,2,59,3281,71,86,81,14,15,1782,348,9,352,8,2,246,119,2,564,156,71,62,14,152,404,1527,0,434,25,1811,927,554,669,653,96,127,1079,422,10,647,46,84,41,1825,115,391,232,33,83,348,441,1646,218,164,218,0,3,796,121,21,47,300,1823,579,250,8,171,206,25,57,56,127,7,66,254,276,249,83,57,140,285,200,274,282,511,0,25,1,0,17,65,2,47,692,35,245,538,75,103,723,0,536,316,243,124,887,1452,545,123,134,154,368,45,281,774,91,43,30,48,162,295,22,191,792,608,313,5,727,110,329,148,1063,80,718,15,18,19,46,99,137,7,20,38,7,3,0,706,359,20,230,9,11,353,189,16,163,9,49,85,1,73,118,84,3113,32,109,653,1,11,816,46,134,26,13,6,583,411,17,308,8,6,179,284,7,28,322,179,62,28,230,186,1237,2,258,89,251,22,34,30,151,104,84,195,59,5,426,22,18,17
1320,27,58,51,6,2,30,191,1418,1030,390,1106,70,14,1614,1627,1191,1,749,1940,574,51,0,129,107,33,7,4,112,1,4,25,135,1633,57,81,143,40,68,114,0,1247,7,95,26,17,1565,53,0,2799,611,152,2019,748,1566,10,3162,0,424,462,119,698,1007,11155,397,777,132,647,238,5,223,242,60,22,3,4,48,169,13,97,224,101,202,3,355,35,74,116,345,87,272,0,5,5,11,5,25,1,1,5,2,1,0,303,63,2,10,1,0,115,128,0,7,0,7,5,0,446,94,184,10293,402,206,235,36,429,427,12,32,13,3,0,430,49,0,52,0,0,54,19,0,14,34,10,15,4,13,314,1312,0,34,6,99,6,5,3,94,25,43,79,5,0,82,6,22,130,1127,202,350,220,24,32,155,176,3548,69,34,180,0,9,4411,147,656,87,1417,5419,4641,219,0,19,13,0,0,50,9,0,80,2,6,305,5,4,84,57,132,115,3521,49,3,23,1,0,88,9,0,104,448,175,382,35,352,2,1616,0,199,182,57,563,344,1056,335,164,52,140,116,5,132,274,152,35,15,32,83,251,19,73,179,127,83,5,219,38,58,50,334,68,40,2,3,3,10,13,15,0,1,0,4,0,0,199,95,1,29,1,1,108,60,7,36,0,4,21,0,109,68,119,4630,322,61,418,1,200,485,8,29,18,2,4,253,59,1,63,1,1,61,45,1,33,26,13,11,0,13,146,683,0,19,0,105,8,22,30,61,35,28,56,34,0,97,8,11,171
