0,5282,1398,2806,2859,520,5174,4635,2352,99,94,399,32,213,3893,1150,784,0,2958,4685,2015,661,0,23,333,46,616,368,1856,1,0,2356,1412,1539,4,12,159,141,74,767,412,3503,8,698,56,5,901,534,1,617,3219,837,1901,2335,1636,1038,5239,0,229,580,125,1455,434,4450,876,740,548,1046,183,107,94,317,137,48,60,427,183,312,142,59,2805,252,134,1,350,22,90,81,274,46,162,2,3,0,33,3,43,4,3,5,8,0,0,183,78,5,26,3,2,57,72,2,15,3,11,5,0,2589,109,622,9866,1094,315,2049,199,1179,558,17,74,2,14,350,230,19,6,25,5,5,20,24,3,24,16,11,38,1,73,526,816,0,3155,6,153,82,50,109,166,35,10,143,2648,4,148,20,21,287,13101,2159,403,109,2488,191,4966,945,6196,264,185,267,0,2159,15902,214,445,0,16474,16061,3559,7,0,99,2212,1187,1222,198,3211,41,39,4975,2303,1350,40,129,258,378,44,483,1753,2066,25,925,22,43,204,81,2,198,2150,570,2373,1405,785,701,3247,0,459,1786,129,1687,1793,3242,1864,1293,953,1805,128,63,130,947,516,141,262,324,267,944,209,74,631,274,245,7,446,49,58,52,535,35,222,10,13,3,57,3,65,25,9,8,29,1,0,199,60,2,48,25,1,48,57,3,21,6,50,14,0,1008,211,891,20301,905,1114,10008,0,859,1527,23,273,7,14,41,388,52,4,36,4,4,14,46,1,22,25,10,56,1,96,899,315,0,872,13,201,74,126,24,459,17,8,122,1349,5,205,8,35,158
5282,0,4941,874,3618,190,3340,3362,9077,28,32,8,0,19,5754,557,411,0,5700,6563,1197,1003,0,1,2786,2284,2448,1024,167,1,0,1586,358,765,0,0,156,172,19,1088,312,3754,5,667,18,0,614,113,0,436,2822,731,1060,3459,1382,1887,3895,0,71,295,43,1187,149,3905,259,240,268,564,48,64,24,89,28,4,15,112,40,63,24,22,2966,84,30,0,89,7,23,19,77,9,101,0,0,0,6,0,10,0,0,0,1,0,0,46,18,0,2,0,0,8,12,0,0,0,2,0,0,3134,21,594,8150,914,82,6311,84,961,138,6,17,1,8,82,51,3,0,4,0,0,3,3,0,4,3,0,7,0,20,361,568,0,3699,0,38,45,16,58,24,13,1,40,1272,0,51,4,11,51,1632,767,662,175,745,641,1549,1444,2261,229,87,167,0,6,219,40,36,0,671,705,284,203,2,11,1069,667,688,701,33,2,4,607,403,600,2,39,664,693,19,757,119,1132,3,127,9,3,30,18,0,34,941,351,1338,611,395,68,508,0,74,278,31,881,351,858,332,158,234,394,33,17,30,106,39,23,21,61,169,175,133,23,574,118,147,1,230,14,15,13,118,8,121,7,7,0,15,1,17,2,2,1,3,0,0,42,11,0,6,3,0,5,11,0,6,2,6,3,0,383,79,315,2639,510,139,1790,0,445,373,1,36,1,9,32,243,14,0,6,0,1,3,12,0,10,5,2,16,0,19,212,206,0,939,3,130,17,44,7,32,5,2,43,816,1,50,4,13,17
1398,4941,0,9423,156,140,5354,11105,2657,22,39,11,0,0,2489,56,7,605,14493,17510,698,16228,0,344,546,424,352,4222,0,37,3777,143,38,513,1,2,3951,443,10476,15244,7,37,0,1,0,0,51,1,0,6,255,217,212,17,360,1,785,0,8,22,1,240,53,804,67,51,24,67,3,0,2,11,1,0,0,0,3,7,1,1,36,0,6,0,8,2,3,0,2,1,0,0,0,0,0,0,1,0,0,0,0,0,0,4,1,0,0,0,0,0,0,0,0,0,0,0,0,655,0,13,4902,228,24,9004,1,229,28,2,2,0,0,0,6,0,0,0,0,0,0,0,0,0,0,0,1,0,0,20,90,0,123,0,0,0,0,0,6,1,0,0,311,0,5,0,3,0,382,1277,1167,1939,317,269,4202,3886,818,0,0,0,0,0,54,2,1,19,804,3388,15,1328,6,30,765,724,705,523,5,0,11,83,21,97,18,115,206,193,93,2464,1,26,0,2,0,0,0,1,0,0,32,87,123,11,17,1,79,0,0,13,0,108,7,28,21,8,8,26,2,0,0,4,0,0,0,0,0,0,0,1,58,0,0,0,1,2,0,0,3,0,0,0,0,0,0,0,0,0,0,0,0,0,0,0,1,0,0,0,0,0,0,0,0,0,0,0,0,18,0,0,1064,143,10,987,0,19,9,0,0,0,1,0,0,0,0,0,0,0,0,1,0,0,0,0,0,0,0,8,9,0,14,0,0,0,0,0,1,0,0,0,236,0,2,0,1,1
2806,874,9423,0,14,62,181,4219,8276,1,3,1,0,0,5039,0,0,0,2999,6017,247,3174,0,2,239,183,239,237,0,2,1,89,4,31,0,0,59,60,408,3005,0,1,0,0,0,0,0,0,0,0,11,0,61,0,0,0,3,0,1,2,1,1,3,13,1,5,12,3,1,0,1,1,0,0,0,0,0,0,0,0,9,0,1,0,1,0,1,0,0,0,0,0,0,0,0,0,0,0,0,0,0,0,0,1,0,0,0,0,0,0,0,0,0,0,0,0,0,3,0,10,3374,1,10,3997,0,0,10,0,0,0,0,0,1,0,0,0,0,0,0,0,0,0,0,0,0,0,0,10,0,0,61,0,0,0,0,0,0,0,0,0,19,0,0,0,0,0,1,626,3848,882,1,119,890,1628,2461,0,0,0,0,0,39,1,0,1,748,3661,4,786,1,1,727,719,698,503,0,0,1,55,1,0,0,1,13,5,36,1432,0,0,0,0,0,0,0,1,0,0,8,1,0,0,0,0,0,0,0,0,0,1,0,2,0,0,1,0,0,0,0,0,0,0,0,0,0,0,0,0,0,0,0,0,0,0,0,0,0,0,0,0,0,0,0,0,0,0,0,0,0,0,0,0,0,0,0,0,0,0,0,0,0,0,0,0,0,1,0,0,759,0,1,756,0,2,1,0,0,0,0,0,0,0,0,0,0,0,0,0,0,0,0,0,0,0,0,1,1,0,0,0,0,0,0,0,0,0,0,0,18,0,0,0,0,0
2859,3618,156,14,0,220,1580,1223,1682,74,78,1395,0,49,1325,1472,1298,0,2470,1358,1021,0,0,9,3023,1741,1651,1181,175,7,1,2063,771,2628,3,0,179,251,17,3,2030,2250,8,958,24,0,1537,263,0,1162,2687,941,2041,1637,1832,988,8212,0,51,363,29,1566,549,7282,408,746,245,1009,42,27,14,66,20,7,11,79,30,53,28,15,922,149,48,1,85,6,21,16,64,8,35,2,1,0,3,1,4,0,0,0,0,0,0,37,13,0,3,1,0,11,9,0,0,0,3,0,0,5086,10,673,3464,1182,67,1634,120,1211,115,3,15,1,5,62,56,7,0,3,0,0,4,9,0,2,1,2,4,0,14,367,1477,0,1851,1,31,24,13,27,27,12,1,28,987,0,34,2,9,73,530,1544,2,0,1336,28,1663,100,296,56,65,73,0,17,142,45,31,0,107,159,161,0,12,75,209,71,36,32,50,0,21,205,210,278,21,43,55,108,15,33,49,439,3,50,3,3,28,29,0,33,703,359,516,152,305,10,863,0,47,260,7,856,218,610,349,166,252,440,24,20,7,77,14,16,17,37,59,58,37,13,182,43,49,1,72,10,13,6,80,6,30,0,0,0,0,2,2,0,3,0,1,0,0,22,5,0,2,0,0,14,11,0,3,5,0,6,0,489,33,280,1707,523,105,278,0,355,145,0,21,0,5,22,71,9,0,9,0,0,7,10,0,4,5,4,0,0,6,57,172,0,133,0,32,21,29,4,17,1,0,20,1066,0,24,0,11,20
520,190,140,62,220,0,362,491,251,799,15,1978,0,0,899,164,635,0,280,649,877,0,0,7,448,210,429,422,8,2,4,423,98,2369,1,14,385,222,13,11,1676,314,0,6,1,0,369,26,0,40,168,4,456,91,8,72,2694,0,15,87,8,80,2263,5011,209,369,51,260,8,4,9,14,2,0,5,10,13,20,14,2,115,80,45,0,56,2,5,3,14,4,170,0,0,0,4,0,7,0,0,0,0,0,0,19,4,0,3,1,0,6,4,0,0,0,2,0,0,964,7,34,2398,19,24,389,4,8,55,1,4,0,1,5,43,10,0,5,0,0,6,1,0,0,0,0,5,0,23,30,801,0,153,0,23,10,1,8,8,1,3,6,212,0,3,0,2,7,6,32,0,0,2,13,220,56,23,32,73,15,0,0,12,2,2,0,14,29,27,0,10,73,100,5,2,0,2,0,12,8,18,12,16,39,43,53,47,89,1,23,0,2,0,0,2,2,0,4,65,20,35,3,22,1,137,0,4,16,0,30,8,58,7,16,12,24,3,4,1,14,8,11,4,4,14,17,7,3,50,8,5,0,8,2,0,0,18,2,14,0,0,0,2,0,0,0,0,0,0,0,0,6,2,1,0,0,0,6,6,1,2,0,0,1,0,30,1,46,247,5,8,112,0,6,29,0,1,0,1,24,10,2,0,5,1,0,0,1,1,3,1,0,0,1,8,6,4,0,3,0,6,7,3,3,3,0,0,0,56,0,2,0,1,1
5174,3340,5354,181,1580,362,0,1881,8975,1886,3169,1552,1,63,10133,3489,3893,0,13835,6829,1109,652,0,1397,17500,11416,11387,7727,1282,375,1182,7640,5510,4030,236,348,1720,2964,1313,1491,2391,2353,9,911,23,3,4141,2290,0,4023,3100,1199,3108,1848,2490,555,7154,0,118,762,79,2034,1016,10211,678,1039,500,1404,126,92,38,239,85,51,64,180,220,274,154,59,1383,364,292,0,464,9,57,175,244,33,274,0,0,0,7,2,12,2,2,2,1,0,0,104,38,3,13,1,0,46,33,0,2,1,5,7,0,4078,98,688,23520,1518,192,7798,104,1604,645,6,26,3,19,89,419,26,2,37,2,1,31,26,1,33,18,10,8,1,67,417,874,0,1951,9,293,95,48,83,77,12,4,210,981,1,81,22,15,75,682,1199,562,94,277,1436,3779,2594,1371,538,669,464,0,12,314,276,94,0,657,803,276,92,274,825,2275,699,779,608,323,23,214,1112,931,1789,229,3946,4648,2440,2324,1810,133,1762,22,188,14,19,122,216,0,167,2298,731,2847,922,1431,36,1293,0,122,628,31,1927,673,2423,634,685,489,926,127,83,26,413,221,82,70,120,400,512,334,69,865,371,371,11,547,40,45,53,332,26,308,1,1,0,7,6,11,2,8,4,6,0,0,69,27,3,15,0,1,59,42,5,20,17,7,29,0,814,182,516,5656,797,300,2690,0,958,1007,1,55,8,20,61,575,32,1,44,3,0,31,44,4,37,26,8,7,6,58,362,559,0,1201,4,338,89,57,22,103,4,3,124,286,4,105,12,60,127
4635,3362,11105,4219,1223,491,1881,0,9515,1487,704,2575,0,6,7291,789,1118,0,5464,5994,1343,703,0,148,8598,6105,7323,6521,76,160,48,3218,1792,3781,27,297,1398,1130,15,1099,2218,1051,8,383,27,2,1150,212,0,543,2158,938,1670,625,1305,633,8213,0,235,551,116,1733,2704,10558,564,1016,343,1144,662,180,99,1117,303,32,234,116,416,799,297,390,1428,704,192,22,633,124,76,75,590,28,1207,12,13,4,38,9,44,19,17,10,12,3,0,201,62,12,56,12,3,77,40,5,26,7,34,17,0,5256,69,460,16725,1235,212,3515,140,1230,875,137,104,22,33,76,261,56,11,33,4,5,33,130,6,352,32,52,47,4,271,483,1506,1,1431,28,182,142,26,49,134,16,26,193,1179,6,376,362,219,72,210,1259,3961,331,676,352,2491,1792,1976,284,448,140,0,16,197,159,151,1,443,2837,166,290,219,672,1194,192,175,86,119,14,163,432,357,607,166,772,1141,1022,417,1281,115,369,24,88,5,18,167,86,0,259,1325,353,841,225,453,287,1157,0,126,380,46,1190,511,1954,438,393,408,569,268,398,22,1202,719,94,591,95,584,715,529,173,961,926,268,13,1063,118,112,94,490,23,935,0,2,2,30,17,34,9,17,8,8,0,0,100,37,10,26,6,1,97,53,11,36,15,27,27,0,502,80,246,3203,530,218,1476,0,341,895,5,64,13,31,53,369,83,6,45,3,0,27,100,8,43,65,58,27,7,203,247,174,1,765,10,214,257,44,35,158,10,6,154,731,14,174,17,116,74
2352,9077,2657,8276,1682,251,8975,9515,0,198,107,23,0,2,2181,393,630,185,12770,13841,371,11669,12,257,587,333,590,2369,32,153,1631,252,164,825,23,4,2365,427,8554,12177,599,1700,5,365,46,7,564,74,1,313,2792,573,892,1240,1048,557,3257,0,323,1395,845,1228,3632,6750,1981,1630,1043,1994,1792,105,373,1330,577,52,191,339,886,1250,353,685,3235,1382,2822,4,3032,349,467,813,1934,142,349,5,11,8,63,25,119,32,39,53,33,3,5,1540,163,55,127,7,15,452,586,16,215,52,81,101,0,2068,116,509,12166,830,914,12010,153,827,4190,119,82,8,41,298,3060,206,55,281,54,54,257,351,3,99,125,72,76,3,227,1600,765,1,1658,22,1079,91,31,55,610,72,40,888,1353,13,855,208,347,406,3317,1252,293,417,899,231,5123,1502,7146,245,567,242,0,148,9363,252,2014,0,3482,10195,7101,660,0,489,779,318,335,793,270,6,482,404,416,919,201,256,877,669,639,1219,6263,603,6,92,30,35,138,177,0,227,1403,799,1096,299,482,29,1486,0,402,785,321,2472,2040,4201,944,347,593,950,1050,143,304,857,333,87,242,135,578,597,285,464,1514,1472,905,25,1292,181,487,487,1808,68,364,8,11,4,62,109,130,25,101,63,28,9,10,1579,188,27,114,4,3,737,902,87,337,52,83,212,0,935,180,185,12639,787,402,2491,0,630,2201,12,90,19,22,32,1685,436,7,430,7,48,224,423,24,51,227,77,69,5,168,994,763,1,293,11,624,122,41,31,149,137,26,358,471,60,440,31,155,126
99,28,22,1,74,799,1886,1487,198,0,755,786,0,0,1808,471,1828,0,789,1133,394,23,0,48,232,181,630,830,237,493,443,236,674,1023,22,29,1162,221,101,506,2305,759,1,27,0,1,1270,87,0,166,268,5,993,143,83,104,1353,0,14,65,9,48,1731,3651,39,151,40,62,33,13,12,46,26,2,16,8,142,105,115,11,872,216,109,0,190,2,8,51,141,10,176,0,1,1,1,2,2,2,4,1,3,1,1,68,9,2,2,0,0,43,39,0,3,6,2,19,0,538,6,29,774,18,11,4191,0,32,204,1,1,2,4,6,168,26,1,36,2,0,23,33,2,7,19,7,3,2,155,11,344,0,922,1,183,12,1,5,4,1,0,88,651,2,10,7,4,5,28,26,1,0,5,89,5204,149,39,26,2369,8,0,0,72,31,21,0,70,72,56,0,31,4713,4811,24,11,11,22,0,531,51,47,109,767,1691,1758,5239,801,496,22,26,2,18,0,3,18,36,0,35,129,6,119,8,15,4,336,0,10,61,3,62,93,239,68,61,59,62,15,9,6,18,5,2,6,6,9,17,10,6,110,127,67,0,53,4,12,8,112,6,169,0,0,0,2,4,3,0,7,0,2,0,1,44,6,1,1,0,0,74,66,1,16,16,1,35,0,65,9,53,6655,14,16,1697,0,10,109,0,4,0,3,8,108,35,1,53,0,0,43,28,1,1,12,6,2,0,151,64,21,0,11,0,27,5,0,3,5,2,0,7,3,0,8,0,2,37
94,32,39,3,78,15,3169,704,107,755,0,274,0,0,1245,618,1277,2,1042,568,225,42,0,315,1220,228,662,1026,376,524,525,333,825,423,28,316,581,406,166,714,1401,162,0,32,0,0,1371,264,0,523,237,4,100,147,104,59,1243,0,11,41,8,40,1102,2375,29,71,33,26,32,13,10,54,35,4,16,12,178,146,126,22,121,181,115,0,218,1,12,85,132,4,90,1,2,1,1,2,4,3,9,2,5,1,2,72,2,4,3,0,0,100,60,2,6,13,4,33,0,434,5,27,1147,16,17,6149,1,31,287,0,2,0,2,7,220,29,3,92,3,0,77,74,4,21,24,10,4,2,58,25,297,1,151,1,138,12,2,6,6,0,0,108,11,4,8,19,2,3,25,31,0,0,6,415,7255,572,58,54,2265,18,0,0,77,52,30,0,72,80,55,0,31,5937,5548,31,14,11,37,0,511,58,51,788,1300,4824,5164,9005,2114,1225,32,27,3,7,0,4,42,44,0,60,279,3,430,25,9,2,289,0,17,32,3,30,351,661,33,19,30,24,22,19,8,59,41,18,20,26,78,88,127,11,185,146,208,1,196,3,11,9,334,1,93,1,1,0,1,9,3,0,24,5,2,0,1,57,1,1,2,0,1,199,137,1,16,42,1,68,0,23,161,26,10656,13,17,3546,0,10,456,0,5,1,1,10,401,41,2,145,1,2,113,69,0,11,19,14,1,0,51,45,11,0,13,0,100,17,4,8,10,1,0,11,3,3,8,7,3,10
399,8,11,1,1395,1978,1552,2575,23,786,274,0,0,3,997,515,977,0,712,274,650,11,0,32,243,181,516,629,251,346,285,166,255,1103,9,10,836,362,38,334,2148,1864,0,30,0,0,1470,82,0,231,416,17,2106,89,121,315,3462,0,5,18,2,34,408,2854,20,45,14,37,16,7,3,23,19,1,10,3,40,42,37,1,791,28,27,0,53,1,3,15,12,0,25,0,0,0,1,0,0,1,2,1,1,0,0,8,2,0,2,1,0,2,4,1,0,2,2,3,0,1618,0,17,2084,21,11,2391,0,25,66,1,2,2,2,2,29,1,1,1,1,0,0,4,1,0,1,2,0,0,5,7,927,0,2051,1,26,7,1,2,7,1,0,20,1553,1,4,0,2,0,70,3,0,0,97,15,2902,103,27,603,2590,330,0,1,35,71,12,0,53,23,16,0,2,2950,3710,52,74,53,119,0,301,131,501,145,191,490,501,2127,350,239,17,267,0,3,0,0,26,60,0,44,340,136,207,169,291,0,487,0,4,9,0,194,24,170,6,6,4,7,4,3,0,5,4,1,2,1,15,10,14,1,26,28,20,0,30,1,1,1,13,0,24,0,1,0,1,0,0,0,0,0,0,0,0,4,0,0,0,0,0,6,4,0,1,0,0,1,0,8,0,16,4246,68,3,818,0,185,32,0,0,0,0,2,29,5,0,3,0,0,3,3,0,0,0,0,0,0,2,13,90,0,134,0,24,2,0,2,1,1,0,8,263,0,2,0,1,0
32,0,0,0,0,0,1,0,0,0,0,0,0,320,510,1229,273,0,31,6,0,0,0,0,0,0,0,0,369,0,0,0,723,352,0,0,0,0,0,0,20,2,5,1,9,7,32,72,0,28,18,0,213,1,5,0,129,0,0,0,0,0,0,90,0,0,0,0,1,0,0,1,1,0,0,0,7,6,5,0,1,1,1,0,6,0,0,1,1,0,1,0,0,0,0,0,0,0,0,0,0,0,0,0,0,0,0,0,0,0,0,0,0,0,0,0,0,0,0,0,113,0,0,0,35,0,7,0,0,0,0,0,2,0,0,0,0,0,0,0,0,1,0,0,0,0,1,1,0,0,0,0,2,0,0,0,0,0,0,1,0,0,0,0,0,12,49,0,0,0,0,0,0,0,0,0,0,2,0,29,12,15,1,0,39,0,0,0,0,2,7,0,0,0,47,0,0,96,114,3,0,0,0,0,0,0,0,0,0,0,0,0,6,10,0,10,0,0,1,0,0,0,4,0,0,0,0,0,0,18,0,0,0,0,0,0,0,0,0,0,0,0,0,0,0,0,1,0,0,0,0,0,0,0,1,0,1,0,0,0,0,0,0,0,0,0,0,0,0,0,0,0,0,0,0,0,0,0,0,0,0,0,0,0,0,0,164,0,0,0,0,0,0,0,0,0,0,0,0,0,0,0,0,0,0,0,0,0,0,0,0,0,1,0,0,0,0,0,0,0,0,0,0,0,0,0,0,0,0,0,0,0
213,19,0,0,49,0,63,6,2,0,0,3,320,0,5643,1564,248,0,5557,2374,3,0,0,0,65,3520,6725,31,15541,0,0,5033,1215,639,0,0,0,0,0,0,4,116,0,59,0,0,145,466,0,386,43,2,759,73,255,37,45,0,0,1,0,2,0,315,0,1,3,1,5,0,0,7,6,1,1,1,14,14,11,0,39,7,7,0,17,0,1,4,4,0,1,0,0,0,0,0,0,0,0,0,0,0,0,2,0,0,1,0,0,0,1,0,0,0,0,0,0,4,0,1,526,2,2,84,1,2,20,1,0,0,0,0,7,0,0,0,0,0,0,0,0,2,0,0,0,0,0,2,7,0,62,0,8,0,1,0,1,0,0,8,8,0,1,0,1,0,1177,1,0,0,2,0,14,4,106,5,7,12,0,341,971,58,6,0,1260,758,5,0,0,12,41,3,100,5,727,1,5,433,425,18,1,2,1,7,0,5,7,6,0,4,0,0,12,47,0,29,11,0,25,2,3,1,37,0,0,14,1,4,17,95,16,11,2,19,1,2,0,6,2,1,2,0,2,4,3,1,6,6,2,0,6,1,1,0,3,0,2,0,0,0,0,0,0,0,0,0,0,0,0,1,0,0,0,0,0,0,1,0,0,0,0,0,0,4,1,3,1750,0,2,386,0,3,8,0,0,0,0,0,3,1,0,0,0,0,0,0,0,0,0,0,0,0,0,7,1,0,4,0,2,0,1,0,2,0,0,1,0,0,1,0,0,1
3893,5754,2489,5039,1325,899,10133,7291,2181,1808,1245,997,510,5643,0,3412,270,6,30648,9444,1059,4412,0,521,28523,49724,55692,29893,28625,237,278,25640,3251,3319,64,330,1639,1244,2809,5365,531,1919,24,291,32,35,2930,1504,3,1500,2394,65,3417,1139,1545,305,3962,0,514,1718,1059,793,6206,19104,2262,1663,1261,1999,2301,138,564,1806,661,89,223,151,1688,1902,643,848,3195,2105,4278,4,4298,466,720,1098,2898,247,679,19,30,19,114,32,233,61,87,83,58,10,17,2404,247,101,196,11,22,960,1116,16,355,76,135,154,0,2218,178,433,33094,223,1190,15142,54,191,6515,262,125,16,58,77,4882,318,87,595,79,89,571,613,5,233,218,155,136,10,387,2069,631,1,1468,34,1802,129,47,46,782,103,56,1451,924,25,1270,343,502,259,13197,369,219,1,352,76,6700,492,8598,913,3165,844,0,2994,20787,611,2763,0,17438,20830,6979,0,1,2658,6020,1961,2032,1102,5858,615,502,6875,4787,1297,1135,1946,2864,3081,1582,695,6380,857,8,181,48,39,291,556,3,440,2000,628,1198,450,493,65,2176,0,762,1085,598,2375,3353,7804,1277,472,631,1072,1531,270,608,1377,477,131,380,182,1118,996,555,636,2326,2465,1686,37,2279,296,721,768,3315,116,655,19,22,6,117,167,236,48,191,119,43,21,11,2796,298,53,212,26,23,1493,1689,134,569,157,175,452,0,827,414,301,34622,525,519,10293,0,628,3761,24,180,26,27,54,3049,702,48,880,42,91,429,740,44,84,389,152,132,10,308,1510,812,3,517,34,1148,247,75,50,252,237,40,669,194,95,753,49,247,168
1150,557,56,0,1472,164,3489,789,393,471,618,515,1229,1564,3412,0,3893,0,2448,371,147,1,0,339,601,62,248,850,1950,0,18,609,3053,1587,43,260,310,438,16,13,2082,2618,2,1445,9,4,2075,1323,0,1630,3707,27,1859,2467,2943,727,3958,0,176,248,109,1130,220,6598,83,148,241,91,377,68,69,591,359,48,100,94,906,876,545,226,1326,455,369,22,911,61,61,253,408,20,213,3,2,0,9,2,19,7,9,6,4,1,2,147,35,7,23,1,2,49,65,2,12,5,13,11,0,407,35,1125,13461,41,287,3069,71,39,1283,100,21,24,17,38,456,30,4,23,3,1,17,65,1,224,19,13,18,2,58,1567,785,0,2320,4,384,64,53,38,188,11,10,405,848,4,220,87,126,20,1017,186,2,1,194,69,4626,661,52,471,1652,332,0,308,799,1378,304,0,1108,405,44,0,2,1921,5443,1901,2504,1450,1734,929,678,3635,3694,281,536,1145,2051,1900,1175,1034,103,93,3,17,4,3,640,1346,0,1085,767,33,201,90,71,14,944,0,108,82,28,101,490,3749,52,60,75,89,287,175,58,550,282,11,187,19,463,472,327,173,496,395,312,22,677,123,94,134,405,17,274,3,3,2,11,2,16,4,9,5,7,1,0,142,28,1,14,3,1,72,101,1,32,9,12,19,0,73,52,71,12839,58,53,2836,0,42,808,1,17,31,15,7,432,52,2,38,1,2,26,69,1,30,29,11,13,1,71,89,35,0,158,4,272,160,32,5,26,7,4,222,158,5,196,11,146,7
784,411,7,0,1298,635,3893,1118,630,1828,1277,977,273,248,270,3893,0,0,289,431,572,2,0,433,747,78,242,811,326,0,45,553,3296,3207,77,324,1565,1153,32,26,909,3574,3,1415,10,6,3170,1792,1,2268,3545,48,4367,3239,4259,799,2490,0,277,498,621,995,4166,16566,398,279,434,199,1611,107,395,814,362,54,142,77,1024,804,407,546,3103,1454,3416,16,2898,307,518,776,2147,202,543,18,27,16,73,18,152,53,75,71,45,7,13,1920,149,91,144,10,17,846,965,11,311,66,107,139,0,574,100,809,21248,65,298,3067,49,54,4446,93,55,22,47,33,3996,256,72,548,65,76,535,521,3,143,178,128,96,10,263,1961,732,1,2649,27,1240,94,24,25,148,54,27,884,1258,21,755,78,324,30,770,180,3,1,214,85,4984,718,512,729,3177,695,0,192,2060,686,1203,0,1610,1702,662,0,3,3061,5568,1455,1665,1032,804,619,505,2515,2333,685,1287,2188,3144,3362,1692,1038,1168,190,5,60,34,36,452,561,2,623,1431,49,303,179,119,32,1671,0,551,497,413,459,2615,6824,434,207,281,248,1283,368,440,1146,507,77,403,116,1210,983,652,505,1886,1909,1491,37,2088,249,574,714,2801,99,578,15,16,5,67,139,152,41,175,106,37,20,10,2272,212,48,151,9,22,1354,1474,89,467,144,135,362,0,200,285,142,16482,136,108,3465,0,87,3335,15,93,45,23,39,2704,581,43,805,38,83,396,602,29,78,332,135,77,7,189,1035,99,2,239,16,1016,344,42,34,103,171,25,607,195,82,612,40,249,86
0,0,605,0,0,0,0,0,185,0,2,0,0,0,6,0,0,0,1070,1859,0,98,33,271,616,554,2133,349,0,496,245,0,0,0,0,2,149,115,493,87,0,0,0,0,0,0,0,0,0,0,0,0,0,0,0,0,0,0,0,0,0,0,0,0,0,0,0,0,0,0,0,0,0,0,0,0,0,0,0,0,0,0,0,0,0,0,0,0,0,0,0,0,0,0,0,0,0,0,0,0,0,0,0,0,0,0,0,0,0,0,0,0,0,0,0,0,0,0,0,0,16,0,0,16,0,0,0,0,0,0,0,0,0,0,0,0,0,0,0,0,0,0,0,0,0,0,0,0,0,0,0,0,0,0,0,0,0,0,0,0,0,0,0,0,0,0,0,0,0,0,0,0,0,0,62,0,0,0,0,0,0,0,0,0,0,40,0,0,0,0,0,0,0,0,0,0,0,0,0,0,0,0,0,0,0,0,0,0,0,0,0,0,0,0,0,0,0,0,0,0,0,0,0,0,0,0,0,0,0,0,0,0,0,0,0,0,0,0,0,0,0,0,0,0,0,0,0,0,0,0,0,0,0,0,0,0,0,0,0,0,0,0,0,0,0,0,0,0,0,0,0,0,0,0,0,0,0,0,0,0,0,0,0,0,0,0,0,0,0,0,0,0,0,0,0,0,0,0,0,0,0,0,0,0,0,0,0,0,0,0,0,0,0,0,0,0,0,0,0,0,0,0,0,0,0,0,0,0,0,0,0,0
2958,5700,14493,2999,2470,280,13835,5464,12770,789,1042,712,31,5557,30648,2448,289,1070,0,70877,491,3684,12,4066,20592,42344,48005,19058,30301,2747,3753,23664,2912,1642,83,1803,2352,4177,3317,5067,474,2938,0,339,0,0,1411,1820,0,1605,1584,141,2266,2625,1890,1244,2736,0,50,150,23,267,250,9102,180,128,142,311,126,43,29,242,164,31,54,51,432,419,296,38,1113,181,208,0,415,5,18,118,138,12,74,2,2,0,16,3,17,3,4,1,5,1,1,80,11,2,7,2,0,30,28,2,8,17,6,18,0,1940,31,123,25002,161,84,15280,12,174,646,13,14,6,7,24,252,13,1,15,0,0,16,25,2,71,11,5,19,0,33,119,339,0,2158,4,176,39,21,20,55,1,9,180,167,3,36,27,20,15,13338,211,1045,0,110,597,6057,1062,6736,588,1951,535,0,3109,14401,512,108,0,17933,15417,691,0,13,1906,6260,2308,2603,1350,6731,737,569,8222,5315,745,752,1666,3135,2808,1587,1069,100,612,8,117,7,14,238,463,1,345,534,83,1544,335,276,59,1098,0,193,674,59,251,859,3095,756,457,281,704,79,46,59,365,154,27,93,67,137,337,102,39,566,147,115,3,229,26,32,37,223,7,94,5,7,2,29,3,27,16,6,4,16,2,0,80,12,2,26,15,0,50,29,3,12,3,27,13,0,251,96,247,26701,126,412,11569,0,151,592,14,110,4,5,21,209,20,1,36,1,2,27,36,0,7,11,4,28,0,53,218,118,0,495,5,94,43,19,11,165,0,4,63,42,4,85,4,25,71
4685,6563,17510,6017,1358,649,6829,5994,13841,1133,568,274,6,2374,9444,371,431,1859,70877,0,720,8941,44,3978,38851,70626,90134,75851,21004,3729,9033,23602,452,1831,96,1531,6129,4412,9176,9176,238,500,1,21,1,2,2516,105,2,313,1421,65,1393,269,614,156,3429,0,255,763,621,423,4639,14526,1080,735,548,854,1565,107,346,725,327,60,144,83,925,765,402,478,2258,1383,3457,2,2835,286,514,791,2047,199,473,15,26,17,69,20,150,51,72,49,49,8,15,1876,151,75,124,10,13,847,933,10,286,61,83,131,0,2406,102,125,35974,114,393,12481,5,106,4477,46,69,7,35,37,4004,252,51,558,45,54,541,477,3,81,178,124,87,9,249,1093,543,1,882,24,1222,99,25,27,220,64,25,862,644,19,707,58,284,80,12100,281,4153,640,70,224,2899,1972,10665,489,1400,432,0,2166,20234,364,2641,27,16249,25885,7504,1142,13,1007,2026,603,456,150,4468,27,63,4615,2964,955,449,809,845,1412,296,1117,6786,531,5,92,36,35,194,250,2,264,1236,425,764,284,226,34,1625,0,537,646,403,1833,2616,5711,696,298,383,491,1134,228,497,883,343,79,285,130,866,715,405,431,1704,1778,1388,25,1682,190,552,598,2742,95,437,15,16,4,67,141,149,38,170,101,33,19,11,2351,200,47,139,6,23,1387,1553,100,480,148,129,379,0,392,328,180,25161,202,266,7695,0,229,3068,13,106,21,14,42,2624,570,43,809,38,84,387,557,30,64,323,129,76,6,161,1194,571,3,399,13,843,211,43,36,144,172,26,455,60,75,497,38,158,101
2015,1197,698,247,1021,877,1109,1343,371,394,225,650,0,3,1059,147,572,0,491,720,0,1,0,44,154,21,317,169,328,1,0,468,204,1382,10,25,444,230,8,8,994,1377,2,90,15,9,264,62,2,105,2257,362,1294,360,264,309,3689,0,996,1750,1754,984,5495,10831,2182,1709,1333,1974,4084,153,583,3806,846,74,243,175,1818,2249,611,1758,3669,2493,4525,7,6299,682,1411,1815,4350,272,727,17,19,9,131,34,287,47,69,81,53,10,14,3164,325,82,216,10,20,789,956,23,302,62,126,135,0,1344,174,534,9791,340,1274,970,43,268,6695,872,179,18,80,104,4863,339,81,460,77,83,436,666,5,229,198,136,159,5,503,2109,828,1,1307,28,1990,116,48,59,814,158,61,1588,998,22,2020,1219,825,234,3552,367,25,17,275,64,849,386,7485,420,886,287,0,153,10401,314,2409,0,2926,10716,7939,0,0,664,631,46,81,69,264,6,5,234,394,932,293,290,321,797,15,114,6825,520,3,114,37,36,173,242,3,276,1666,621,827,266,417,42,2743,0,857,1017,839,2362,2953,5697,1089,371,638,844,1817,174,689,1434,401,132,314,165,1020,802,466,838,2409,2604,1729,46,2449,407,986,830,3357,116,755,13,19,6,132,148,333,34,167,108,35,13,5,2774,376,30,239,28,10,1216,1471,158,543,143,168,444,0,752,314,306,13590,541,443,1531,0,549,3366,36,168,30,39,41,2850,693,26,694,22,82,366,770,42,83,353,121,156,9,426,1305,770,3,343,36,1167,131,63,40,222,316,62,909,167,99,1099,51,364,141
661,1003,16228,3174,0,0,652,703,11669,23,42,11,0,0,4412,1,2,98,3684,8941,1,0,2,386,2424,2412,2725,2973,0,472,1633,29,31,15,4,3,395,383,2505,2804,3,0,0,0,0,0,3,1,0,3,0,0,0,0,0,0,3,0,0,0,0,0,0,10,0,0,0,0,0,0,0,0,0,0,0,0,0,0,0,0,0,0,0,0,0,0,0,0,0,0,0,0,0,0,0,0,0,0,0,0,0,0,0,0,0,0,0,0,0,0,0,0,0,0,0,0,0,0,0,0,2765,0,0,1199,0,0,0,0,0,0,0,0,0,0,0,0,0,0,0,0,0,0,0,0,0,0,0,0,1,0,0,0,0,0,0,0,0,0,0,0,0,0,0,0,0,0,1,1,2387,0,0,185,344,240,4417,0,0,0,0,0,0,1,0,0,0,2461,0,0,0,29,27,0,0,0,1,0,0,0,1,133,10,214,271,268,92,236,0,0,0,0,0,0,0,0,0,0,0,0,185,0,0,0,0,0,0,0,0,0,0,0,0,0,0,0,0,0,0,0,0,0,0,0,0,0,0,0,45,0,0,0,0,0,0,0,0,0,0,0,0,0,0,0,0,0,0,0,0,0,0,0,0,0,0,0,0,0,0,0,0,0,0,0,0,0,0,0,343,0,0,323,0,0,0,0,0,0,0,0,0,0,0,0,0,0,0,0,0,0,0,0,0,0,0,0,0,0,0,0,0,0,0,0,0,0,0,0,0,0,0,0,0,0
0,0,0,0,0,0,0,0,12,0,0,0,0,0,0,0,0,33,12,44,0,2,0,449,988,356,70,1,0,1,493,0,0,0,333,14,116,339,52,2,0,0,0,0,0,0,0,0,0,0,0,0,0,0,0,0,0,0,0,0,0,0,0,0,0,0,0,0,0,0,0,0,0,0,0,0,0,0,0,0,0,0,0,0,0,0,0,0,0,0,0,0,0,0,0,0,0,0,0,0,0,0,0,0,0,0,0,0,0,0,0,0,0,0,0,0,0,0,0,0,4,0,0,2,0,0,0,0,0,0,0,0,0,0,0,0,0,0,0,0,0,0,0,0,0,0,0,0,0,0,0,0,0,0,0,0,0,0,0,0,0,0,0,0,0,0,0,0,0,0,0,0,0,0,0,0,0,0,0,0,0,0,0,0,0,0,0,0,0,0,0,0,0,0,0,0,0,0,0,0,0,0,0,0,0,0,0,0,0,0,0,0,0,0,0,0,0,0,0,0,0,0,0,0,0,0,0,0,0,0,0,0,0,0,0,0,0,0,0,0,0,0,0,0,0,0,0,0,0,0,0,0,0,0,0,0,0,0,0,0,0,0,0,0,0,0,0,0,0,0,0,0,0,0,0,0,0,0,0,0,0,0,0,0,0,0,0,0,0,0,0,0,0,0,0,0,0,0,0,0,0,0,0,0,0,0,0,0,0,0,0,0,0,0,0,0,0,0,0,0,0,0,0,0,0,0,0,0,0,0,0,0
23,1,344,2,9,7,1397,148,257,48,315,32,0,0,521,339,433,271,4066,3978,44,386,449,0,1511,1035,761,1718,221,115,528,12,170,50,538,1462,1115,1841,673,454,440,43,0,9,0,0,627,291,0,603,70,4,48,40,65,2,659,0,2,2,2,6,8,1019,0,2,11,2,61,3,0,21,14,5,4,7,70,56,41,6,76,10,66,0,103,0,0,63,7,1,3,0,0,0,0,0,0,0,0,0,0,0,0,2,0,0,0,0,0,2,1,0,0,6,0,6,0,70,1,1,1088,6,13,2090,0,6,120,1,0,0,0,1,68,0,0,1,0,0,1,7,0,5,0,0,0,0,1,19,117,0,32,0,64,3,3,2,5,0,0,63,5,0,3,4,1,0,2,1,0,0,1,477,2579,617,109,16,223,8,0,0,3,43,3,0,3,2,0,0,0,1125,944,2,3,0,25,0,3,4,15,537,1070,2670,3674,3588,1576,1048,2,2,0,0,0,0,34,34,0,51,20,0,479,3,0,0,246,0,0,1,0,14,26,265,2,2,1,2,5,4,0,7,5,0,4,1,5,8,5,4,41,6,10,2,14,5,3,0,18,1,5,0,0,0,1,0,1,0,1,0,0,0,0,1,0,0,0,0,0,10,2,0,0,1,0,1,0,1,8,0,4327,0,1,1718,0,0,31,0,0,1,0,1,24,1,0,8,0,0,8,9,0,0,1,2,1,0,2,5,0,0,0,0,4,4,0,0,0,1,0,3,1,0,5,0,4,0
333,2786,546,239,3023,448,17500,8598,587,232,1220,243,0,65,28523,601,747,616,20592,38851,154,2424,988,1511,0,3937,3688,6611,147,738,2646,1867,700,765,1113,1013,2485,2381,3177,5188,719,3252,0,321,0,0,784,330,0,754,2218,318,1134,2968,874,1878,1892,0,15,170,3,541,99,2183,124,241,79,445,16,2,2,29,21,4,5,10,42,39,36,3,1313,60,29,0,55,0,3,13,16,4,60,0,0,0,0,0,1,0,0,0,0,0,0,3,3,0,0,0,0,1,3,0,0,0,0,0,0,1134,9,267,5427,416,18,21703,3,483,72,0,4,0,1,10,34,0,0,0,0,0,0,2,0,3,0,0,0,0,6,24,273,0,3103,0,26,1,8,2,4,0,0,21,246,0,4,2,1,12,396,571,11,0,38,1153,9681,1559,241,373,3008,127,0,1,278,104,32,0,1606,268,43,0,300,7172,9766,910,466,177,365,0,723,2465,999,873,1504,3816,4869,9351,2595,1767,35,736,1,31,2,2,62,84,0,73,915,270,1791,392,547,9,306,0,22,124,3,549,147,538,150,94,85,185,7,7,5,38,8,10,4,11,72,64,70,3,581,57,70,0,88,2,3,4,32,3,55,0,1,1,1,0,1,1,0,0,1,0,0,8,3,0,1,0,0,3,4,0,0,2,0,2,0,145,41,235,13693,196,67,5862,0,399,161,0,4,0,0,29,115,4,0,2,0,0,2,2,0,0,2,1,1,0,3,48,218,0,627,0,69,3,13,1,10,0,0,26,38,0,8,0,4,8
46,2284,424,183,1741,210,11416,6105,333,181,228,181,0,3520,49724,62,78,554,42344,70626,21,2412,356,1035,3937,0,4170,3902,25,643,2091,756,347,282,275,454,1554,861,2890,4671,88,1589,0,35,0,0,74,35,0,76,1053,62,238,1536,95,1254,841,0,3,24,2,96,16,896,21,22,16,162,1,1,0,5,0,0,0,1,2,1,1,0,971,7,2,0,3,0,0,1,1,1,14,0,0,0,0,0,0,0,0,0,0,0,0,0,1,0,0,0,0,0,0,0,0,0,0,0,0,792,3,86,4433,73,6,13784,1,88,8,0,1,0,0,3,3,0,0,0,0,0,0,1,0,0,0,0,0,0,1,9,56,0,1647,0,2,0,2,1,0,0,0,2,44,0,1,0,0,5,92,86,8,0,9,392,3396,543,168,53,680,30,0,0,8,9,3,0,320,9,4,0,90,2527,3164,179,161,64,232,0,723,759,265,102,221,679,854,2967,423,299,2,182,0,10,1,0,2,12,0,2,151,21,512,92,44,1,31,0,6,19,1,50,31,88,21,14,10,24,1,0,3,1,1,0,0,0,22,19,21,0,320,13,19,0,25,0,1,2,9,1,14,0,1,1,1,0,1,1,0,0,1,0,0,3,1,0,0,0,0,1,1,0,0,1,0,1,0,21,12,78,3665,9,11,2187,0,34,44,0,0,0,0,10,36,0,0,1,0,0,1,1,0,0,1,0,1,0,1,10,18,0,228,0,21,0,1,0,0,0,0,5,11,0,2,0,1,1
616,2448,352,239,1651,429,11387,7323,590,630,662,516,0,6725,55692,248,242,2133,48005,90134,317,2725,70,761,3688,4170,0,6888,3532,2417,3900,2613,999,1010,140,506,1945,1196,2687,4678,286,1562,0,180,0,0,233,91,0,235,1120,140,813,1497,478,882,1396,0,48,191,9,347,128,1588,181,209,102,422,20,8,17,34,12,4,8,12,15,26,15,4,651,57,24,0,46,2,8,4,36,12,83,1,2,0,17,0,18,2,1,1,5,0,0,29,14,1,7,2,0,5,4,2,5,2,4,2,0,1011,21,165,4538,196,35,12881,5,249,81,1,5,1,1,8,44,3,0,2,0,0,2,4,2,2,3,1,18,0,28,67,261,0,1702,2,12,3,4,4,8,1,5,13,214,3,10,2,5,28,2187,141,12,8,61,314,1653,1108,563,131,118,89,0,37,2505,111,103,0,3077,2493,254,4,288,604,2072,893,1237,762,663,5,304,1269,375,958,186,595,636,1020,258,314,91,1430,13,348,62,19,92,50,1,94,1295,364,1874,1049,1144,158,891,0,163,641,50,793,946,1459,752,663,230,727,31,21,60,177,77,20,50,50,133,234,123,18,312,83,120,1,175,11,19,10,125,12,104,5,8,3,29,0,29,14,2,3,15,1,0,59,17,1,20,13,0,8,8,0,1,3,26,4,0,201,81,437,4395,264,318,4143,0,520,443,10,73,2,1,14,179,4,1,6,1,1,5,10,0,7,3,2,30,0,42,363,372,0,719,5,102,22,15,8,102,1,3,68,10,2,65,1,10,108
368,1024,4222,237,1181,422,7727,6521,2369,830,1026,629,0,31,29893,850,811,349,19058,75851,169,2973,1,1718,6611,3902,6888,0,433,1270,1070,3871,2684,1539,73,1478,1279,2474,2178,5273,546,1699,0,347,0,0,830,509,0,835,1377,362,1591,1435,929,524,1026,0,31,315,9,663,344,1867,350,462,162,603,22,20,6,65,32,22,16,40,42,76,50,4,264,95,79,0,118,0,6,16,54,10,97,0,0,0,1,2,1,0,0,0,0,0,0,10,11,0,1,0,0,3,3,0,1,0,0,2,0,515,34,253,7298,445,75,11084,6,531,169,0,7,0,7,9,104,6,0,2,0,0,1,4,0,3,5,5,1,0,20,56,280,0,1472,1,69,21,14,20,27,0,0,22,271,0,7,2,2,31,142,163,40,0,30,422,2236,727,2836,155,223,116,0,1,80,100,41,0,361,516,51,0,289,488,1777,498,965,893,95,35,210,724,449,941,199,736,774,1063,305,439,45,1150,5,208,53,6,49,77,0,55,1269,389,1367,786,975,56,342,0,27,168,5,883,362,915,207,307,128,279,19,6,7,57,15,18,5,16,96,77,87,11,346,86,83,0,109,4,7,8,57,9,87,0,0,0,1,2,2,0,0,0,1,0,0,13,12,0,3,0,0,8,8,0,1,2,0,4,0,258,43,397,3237,266,52,1884,0,549,199,0,8,1,6,30,132,3,0,4,0,0,5,5,0,3,2,2,2,0,17,255,407,0,538,1,72,9,14,5,19,0,0,42,14,0,19,1,7,59
1856,167,0,0,175,8,1282,76,32,237,376,251,369,15541,28625,1950,326,0,30301,21004,328,0,0,221,147,25,3532,433,0,0,12,1001,2544,1205,21,215,213,290,9,12,299,381,0,25,0,0,150,1267,0,537,414,14,1213,218,480,35,907,0,46,73,15,75,88,2753,70,53,82,71,150,29,25,183,139,12,41,30,369,323,250,30,265,170,200,1,375,6,19,128,111,8,73,2,2,0,18,0,20,3,3,1,5,1,1,64,7,2,8,2,0,13,18,2,7,3,6,3,0,230,19,19,3437,18,64,1070,10,21,540,9,8,5,6,16,227,8,1,4,0,0,1,6,2,61,7,4,19,0,42,92,208,0,134,2,182,24,8,14,34,2,10,188,38,3,26,25,18,10,6133,38,8,5,52,12,1911,154,1007,264,634,230,0,624,6063,686,105,0,7615,5827,287,5,0,522,3153,1202,2267,1069,4070,350,322,4451,3053,314,248,652,1068,851,571,350,47,343,8,151,8,13,225,678,1,441,187,34,709,277,210,112,902,0,158,551,53,37,642,1675,635,432,173,562,66,28,60,231,91,12,61,42,59,189,52,42,139,103,75,3,154,35,41,16,156,6,74,5,8,3,32,3,31,15,5,4,15,2,0,78,11,2,22,13,0,16,17,1,7,2,28,4,0,91,58,137,12031,71,319,6173,0,25,340,10,68,3,4,4,94,15,1,7,1,2,4,14,0,7,8,6,32,0,60,130,23,0,194,5,39,27,7,7,95,3,3,59,8,3,86,3,28,67
1,1,37,2,7,2,375,160,153,493,524,346,0,0,237,0,0,496,2747,3729,1,472,1,115,738,643,2417,1270,0,0,1196,581,569,372,1,96,193,251,284,479,0,7,0,1,0,0,0,0,0,0,7,5,9,7,7,0,8,0,1,4,0,7,2,150,2,3,3,5,0,0,0,1,0,0,0,0,0,0,0,0,1,0,0,0,0,0,0,0,0,0,0,0,0,0,0,0,0,0,0,0,0,0,0,0,0,0,0,0,0,0,0,0,0,0,0,0,0,8,0,1,867,7,0,819,0,6,0,0,0,0,0,0,0,0,0,0,0,0,0,0,0,0,0,0,0,0,0,0,3,0,8,0,0,0,0,0,0,0,0,0,0,0,0,0,0,0,0,0,0,0,0,9,513,10,23,1,34,0,0,0,1,0,0,0,2,1,1,0,4,414,416,0,0,0,0,0,282,3,1,5,19,149,102,452,59,16,1,3,0,0,0,0,0,0,0,0,3,0,13,0,4,0,4,0,1,3,0,5,0,5,2,2,1,4,0,0,0,0,0,0,0,0,0,0,0,0,2,0,0,0,0,0,0,0,0,0,0,0,0,0,0,0,0,0,0,0,0,0,0,0,0,0,0,0,0,0,0,0,0,0,0,0,0,3,0,1,524,2,0,341,0,3,0,0,0,0,0,0,0,0,0,0,0,0,0,0,0,0,0,0,0,0,0,0,0,0,0,0,0,0,0,0,0,0,0,0,0,0,0,0,0,0
0,0,3777,1,1,4,1182,48,1631,443,525,285,0,0,278,18,45,245,3753,9033,0,1633,493,528,2646,2091,3900,1070,12,1196,0,551,578,323,251,29,215,417,797,1503,32,6,0,1,0,0,46,22,0,46,2,0,7,1,1,1,34,0,1,2,0,0,1,165,1,1,1,2,0,0,0,1,0,0,0,0,0,0,0,0,3,0,0,0,0,0,0,0,0,0,0,0,0,0,0,0,0,0,0,0,0,0,0,0,0,0,0,0,0,0,0,0,0,0,0,0,0,2,0,0,1295,1,0,3128,0,0,0,0,0,0,0,0,0,0,0,0,0,0,0,0,0,0,0,0,0,0,0,0,1,0,5,0,0,0,0,0,0,0,0,0,2,0,0,0,0,0,2,0,30,0,0,75,2903,137,2554,0,680,0,0,0,0,0,0,0,1,436,0,0,2,2273,2273,2,2,2,2,0,328,1,1,45,229,585,601,2362,528,223,0,2,0,0,0,0,0,0,0,0,1,0,77,0,2,0,1,0,1,2,0,1,0,4,1,1,1,2,0,0,0,0,0,0,0,0,0,0,0,0,17,0,0,0,0,0,0,0,0,0,0,0,0,0,0,0,0,0,0,0,0,0,0,0,0,0,0,0,0,0,0,0,0,0,0,0,0,2,0,1,2909,1,0,1201,0,1,0,0,0,0,0,0,0,0,0,0,0,0,0,0,0,0,0,0,0,0,0,0,0,0,0,0,0,0,0,0,0,0,0,0,1,0,0,0,0,0
2356,1586,143,89,2063,423,7640,3218,252,236,333,166,0,5033,25640,609,553,0,23664,23602,468,29,0,12,1867,756,2613,3871,1001,581,551,0,1063,943,2,19,497,745,122,837,643,2343,0,384,0,0,546,237,0,536,1827,336,1303,2040,955,1077,1659,0,58,330,11,662,258,1942,358,440,180,589,39,10,20,58,35,9,11,19,57,64,41,9,700,93,53,0,92,3,12,20,54,14,107,1,2,0,18,0,18,3,2,1,6,0,0,33,16,1,8,3,0,7,7,2,5,2,5,3,0,930,30,314,2613,421,64,8121,8,501,152,1,6,1,4,13,78,3,0,2,0,0,1,5,2,13,4,2,18,0,32,98,467,0,2176,3,38,6,12,7,14,1,5,34,314,3,12,4,6,41,6827,623,14,5,77,402,3703,771,1105,618,2229,355,0,625,6574,223,121,0,10008,6342,356,5,234,3061,8256,2567,2738,669,4016,21,756,8209,3572,1099,176,495,672,2950,146,196,110,1757,13,364,63,19,103,126,1,120,1747,504,2279,1212,1397,163,1099,0,182,700,53,1061,1007,1770,842,718,288,836,43,25,63,205,81,27,50,56,171,267,152,28,421,107,150,1,221,17,22,14,150,13,125,5,9,3,30,1,29,14,2,3,15,1,0,65,20,1,21,13,0,15,13,0,1,3,26,5,0,330,102,574,16903,380,360,9486,0,719,520,10,76,2,2,44,230,6,1,7,1,1,7,13,0,7,5,3,30,0,46,388,494,0,981,5,123,24,22,9,107,1,3,78,37,2,78,1,18,112
1412,358,38,4,771,98,5510,1792,164,674,825,255,723,1215,3251,3053,3296,0,2912,452,204,31,0,170,700,347,999,2684,2544,569,578,1063,0,977,15,237,414,798,147,805,1301,1681,0,385,0,0,2028,1037,0,1594,1802,355,1195,1350,1163,502,2382,0,62,343,31,668,462,3385,395,448,208,575,240,51,31,357,243,41,60,80,518,488,300,82,596,301,355,1,568,14,36,195,214,16,184,1,0,0,4,2,10,4,5,0,6,1,2,86,19,2,8,2,0,29,40,0,6,1,6,4,0,546,46,284,4125,422,139,7677,36,502,883,10,15,6,14,26,410,22,1,11,0,0,6,13,0,176,15,13,4,0,48,206,385,0,1150,3,320,48,29,36,66,1,10,277,106,0,48,60,30,43,2604,338,7,31,59,452,7369,2373,134,921,3749,606,0,562,1348,1149,82,0,3944,1041,92,0,83,5139,11922,3732,5393,3828,4510,199,1030,8216,6167,1215,489,1501,1717,5087,621,1036,95,1513,5,227,56,6,229,1220,0,457,1769,489,1734,1061,1273,65,585,0,54,198,21,1063,537,2761,233,342,143,302,103,29,44,213,53,22,36,25,195,172,160,69,531,245,177,6,302,39,51,34,210,12,169,1,2,1,4,5,7,2,5,2,3,1,0,84,17,1,8,1,1,34,63,1,12,6,3,11,0,278,86,446,19331,320,57,5367,0,715,420,0,12,4,12,38,315,26,1,15,1,2,9,20,0,18,8,8,5,0,49,331,502,0,788,1,148,22,16,9,33,4,1,85,37,2,61,9,40,61
1539,765,513,31,2628,2369,4030,3781,825,1023,423,1103,352,639,3319,1587,3207,0,1642,1831,1382,15,0,50,765,282,1010,1539,1205,372,323,943,977,0,17,93,596,209,234,590,3789,2794,2,63,2,3,1959,544,0,863,1455,241,3105,861,569,451,8482,0,101,410,36,610,4135,10627,833,1533,551,1405,123,52,39,231,143,39,57,82,327,341,241,42,1070,433,279,0,489,7,33,125,305,39,460,0,0,0,6,2,17,4,8,4,5,1,2,130,30,4,9,1,0,79,91,0,5,4,7,14,0,5542,87,144,5899,359,158,5517,9,389,705,3,17,4,12,26,411,45,1,64,1,0,60,54,0,64,20,15,7,0,201,221,1576,0,3318,1,347,56,31,37,71,2,6,210,2474,3,37,22,16,39,646,113,6,10,326,300,5918,1569,392,1263,2225,638,0,113,495,456,69,0,547,509,382,1,33,3897,6388,1213,2102,1998,779,83,631,1630,1556,1351,855,1893,1979,5280,781,903,134,238,5,56,1,6,226,438,0,335,1609,363,830,183,197,18,810,0,63,468,33,637,641,2768,373,259,478,435,100,93,19,625,367,231,85,330,545,889,552,63,423,431,566,2,733,29,36,41,546,31,456,1,1,0,5,6,5,0,20,5,2,0,1,127,14,1,3,0,0,148,97,1,27,35,5,69,0,479,423,165,10808,414,306,2399,0,323,1660,2,52,2,10,71,1049,50,0,116,0,0,85,72,1,21,24,4,3,1,184,193,281,0,212,1,425,126,97,58,184,2,4,59,374,1,72,11,22,68
4,0,1,0,3,1,236,27,23,22,28,9,0,0,64,43,77,0,83,96,10,4,333,538,1113,275,140,73,21,1,251,2,15,17,0,91,442,352,150,98,94,9,0,2,0,0,111,39,0,104,17,0,9,8,11,1,121,0,1,1,1,0,6,333,0,0,4,0,69,0,0,8,5,2,0,2,46,19,13,2,78,12,83,0,91,0,0,75,2,0,1,0,0,0,0,0,0,0,0,0,0,0,0,4,0,0,0,0,0,0,1,0,0,0,0,0,0,10,0,0,70,0,5,165,0,0,92,0,0,0,0,0,82,0,0,0,0,0,0,0,0,3,0,0,0,0,0,5,12,0,8,0,79,0,1,0,2,0,0,76,1,0,1,2,1,0,2,0,0,0,0,119,1030,129,1,0,0,0,0,0,1,11,1,0,1,0,1,0,0,32,28,0,1,0,7,0,0,1,6,85,767,1580,1932,1415,612,376,1,0,0,0,0,0,6,10,0,13,2,0,119,0,0,0,53,0,0,0,1,1,4,61,0,0,0,0,3,1,0,2,1,0,1,0,3,2,1,2,12,6,3,1,6,3,2,0,3,0,3,0,0,0,1,0,1,0,0,0,0,0,0,2,0,0,0,0,0,0,1,0,0,0,0,0,0,0,0,0,1770,0,0,361,0,0,5,0,0,1,0,0,4,1,0,0,0,0,0,1,0,0,0,0,1,0,1,1,0,0,0,0,1,1,0,0,0,1,0,3,0,0,3,0,3,0
12,0,2,0,0,14,348,297,4,29,316,10,0,0,330,260,324,2,1803,1531,25,3,14,1462,1013,454,506,1478,215,96,29,19,237,93,91,0,2003,768,69,209,135,7,0,2,0,0,350,271,0,335,19,0,19,3,6,2,173,0,0,4,1,2,76,510,2,13,6,2,4,0,0,6,7,1,1,1,25,20,17,2,11,20,17,0,31,0,0,14,8,0,6,0,0,0,0,0,0,0,0,0,0,0,0,2,0,0,0,0,0,2,0,0,0,0,0,2,0,19,0,0,356,0,4,343,0,0,34,0,1,0,0,0,20,2,0,3,0,0,1,6,0,3,2,1,0,0,4,1,22,0,5,0,22,0,1,0,1,0,0,17,0,0,0,2,0,0,3,0,0,0,0,63,1037,104,4,9,43,0,0,0,7,5,1,0,3,6,6,0,0,78,64,0,0,0,3,0,3,0,0,61,21,1748,1804,871,538,118,1,2,1,1,0,1,5,2,0,10,27,0,63,3,0,0,21,0,0,2,0,2,27,72,3,3,2,3,1,0,0,8,4,2,1,2,6,9,12,4,32,6,8,0,14,0,0,0,22,0,3,0,0,0,0,0,0,0,2,0,0,0,0,1,0,0,0,0,0,6,3,0,0,3,0,5,0,1,19,1,1400,0,1,500,0,0,34,0,1,0,0,0,26,0,0,5,0,0,6,4,0,4,0,1,0,0,2,2,1,0,1,0,3,1,2,2,3,0,0,0,0,0,0,4,0,3
159,156,3951,59,179,385,1720,1398,2365,1162,581,836,0,0,1639,310,1565,149,2352,6129,444,395,116,1115,2485,1554,1945,1279,213,193,215,497,414,596,442,2003,0,942,953,1427,1840,399,1,13,1,1,699,296,0,517,408,14,428,82,65,173,1177,0,75,215,23,90,3297,4653,319,707,389,441,64,10,22,106,47,8,27,19,172,138,117,34,606,513,179,0,260,8,15,103,211,40,485,5,5,2,7,5,12,4,0,0,3,0,0,89,19,1,4,1,0,51,47,1,3,3,4,10,0,542,58,28,2737,29,40,1511,2,43,305,10,7,3,5,9,261,39,0,27,0,0,21,16,0,19,18,24,10,0,291,96,268,0,382,1,282,11,6,6,15,0,4,161,219,0,37,28,17,10,36,36,55,0,7,476,4708,652,2874,54,179,15,0,0,71,34,22,0,40,536,55,0,2,288,251,2,4,5,16,0,7,10,17,404,84,6358,6731,2311,2724,797,21,39,2,22,0,2,31,25,0,54,237,15,525,22,30,8,253,0,30,76,9,106,90,404,70,82,80,80,29,19,11,88,40,21,21,22,74,94,63,19,297,187,57,1,114,13,13,20,167,35,305,2,1,0,6,10,7,0,5,2,2,0,1,53,13,2,4,0,0,48,41,2,20,7,4,22,0,78,42,73,5240,24,21,1624,0,19,162,2,6,1,6,36,113,41,1,27,1,0,11,12,1,9,21,23,4,1,191,85,25,1,33,2,52,18,9,9,22,0,0,29,18,0,39,3,16,42
141,172,443,60,251,222,2964,1130,427,221,406,362,0,0,1244,438,1153,115,4177,4412,230,383,339,1841,2381,861,1196,2474,290,251,417,745,798,209,352,768,942,0,733,1129,1127,331,1,32,0,1,808,308,0,548,337,14,278,165,127,56,895,0,33,156,8,83,1472,2697,124,348,191,256,81,14,9,51,32,6,15,17,239,152,152,22,265,359,244,0,368,1,6,155,183,21,374,0,0,0,0,2,1,1,2,0,1,1,1,81,10,0,1,0,0,40,55,0,2,1,1,10,0,453,23,33,1662,33,34,5074,0,49,386,0,1,0,1,10,329,30,0,31,0,0,24,21,0,21,16,10,0,0,186,37,175,0,296,0,364,14,4,9,7,0,0,222,203,0,8,19,3,5,40,56,1,0,8,704,5661,945,159,131,479,44,0,0,74,62,11,0,71,78,68,0,31,2858,2961,28,35,33,41,0,121,60,47,713,1045,4084,4727,5764,2195,1498,17,48,2,25,0,3,48,54,0,68,280,15,763,20,35,4,243,0,10,97,7,103,107,560,89,104,93,108,17,21,4,58,30,16,16,33,83,106,80,10,249,201,91,1,116,3,7,18,148,16,216,1,1,0,2,6,3,0,9,0,2,0,1,50,5,1,1,0,0,48,43,0,17,14,1,30,0,111,67,67,7401,25,25,3118,0,25,233,0,5,1,1,14,179,31,1,35,0,0,21,15,0,11,17,5,2,0,169,88,33,0,24,0,66,21,11,12,14,1,0,16,10,0,14,5,3,49
74,19,10476,408,17,13,1313,15,8554,101,166,38,0,0,2809,16,32,493,3317,9176,8,2505,52,673,3177,2890,2687,2178,9,284,797,122,147,234,150,69,953,733,0,950,27,1,0,1,0,0,36,17,0,34,8,0,170,1,1,0,35,0,0,4,1,1,42,142,1,3,3,3,12,0,0,4,2,0,0,0,33,17,14,6,25,37,40,0,46,0,0,33,10,0,7,0,0,0,0,0,0,0,0,0,0,0,0,3,0,0,0,0,0,1,1,0,0,0,0,2,0,2,0,0,2180,0,2,552,0,0,42,0,0,0,0,0,42,2,0,2,0,0,0,2,0,6,2,1,0,0,6,5,3,0,3,0,46,0,0,0,0,0,0,37,20,0,0,6,0,0,3,1,440,0,0,363,3673,422,3716,0,0,0,0,0,2,2,0,0,1,1258,3,0,0,94,90,0,0,0,1,0,0,0,1,238,61,4706,4939,1031,2549,481,0,0,0,1,0,0,0,1,0,3,2,0,363,0,0,0,10,0,0,2,0,1,1,14,2,2,2,2,1,0,0,0,0,0,0,0,0,0,0,1,99,10,1,0,2,1,1,0,3,0,4,0,0,0,0,0,0,0,0,0,0,0,0,1,0,0,0,0,0,1,1,0,0,1,0,2,0,1,0,1,3521,0,0,843,0,0,1,0,0,0,0,0,2,1,0,0,0,0,0,0,0,0,0,0,0,0,4,1,1,0,0,0,1,0,0,0,0,0,0,1,0,0,1,0,1,2
767,1088,15244,3005,3,11,1491,1099,12177,506,714,334,0,0,5365,13,26,87,5067,9176,8,2804,2,454,5188,4671,4678,5273,12,479,1503,837,805,590,98,209,1427,1129,950,0,27,164,0,5,9,0,28,14,0,24,30,0,400,16,2,80,28,0,2,4,0,0,71,263,2,4,5,5,0,7,0,8,0,0,0,25,22,11,8,5,43,35,19,0,28,0,0,16,7,0,179,0,0,0,0,0,0,0,0,0,0,0,0,1,0,0,0,0,0,1,0,0,0,0,0,2,0,5,0,5,5986,1,0,1353,0,0,18,0,0,0,0,17,18,2,0,2,0,0,0,2,0,5,2,1,0,0,2,3,10,0,80,0,22,16,0,15,3,0,0,17,2,0,0,5,0,0,1,1,1897,0,0,381,2922,516,3778,0,0,0,0,0,1,1,0,0,1,1862,1,0,1,88,83,0,0,0,1,0,0,0,1,250,46,3404,3632,958,1453,504,0,12,0,0,0,0,0,0,0,0,207,0,398,34,2,0,5,0,17,3,0,1,0,11,2,2,2,3,0,0,0,0,0,4,0,16,0,134,32,0,317,6,0,0,0,0,0,0,1,0,9,0,0,0,0,0,0,0,0,0,0,0,0,0,0,0,0,0,0,0,0,0,0,1,0,2,0,3,134,50,2784,1,0,1242,0,1,0,0,0,0,0,197,2,0,0,0,0,0,0,0,0,0,0,0,0,0,3,1,0,0,35,0,0,0,59,0,0,0,0,0,0,0,0,0,0,1
