0,2430,661,1290,2977,190,3980,1612,2480,3384,2380,4337,0,177,1809,5740,232,36,2038,4425,774,499,4,127,342,241,230,265,4120,0,53,602,6080,1688,244,264,618,313,847,907,216,2960,1,973,63,1,2159,5603,0,2631,3388,494,504,2941,843,1281,2312,0,327,446,101,1588,877,9595,283,1697,534,383,594,105,50,1374,476,16,127,17,848,1037,314,169,872,222,323,12,594,55,39,202,597,28,887,3,2,1,3,0,6,3,1,0,1,0,0,111,42,0,18,0,0,26,17,0,7,1,1,3,0,749,17,451,15865,341,257,2688,4,454,1571,56,25,25,9,9,382,8,0,11,0,0,16,35,0,100,3,2,9,0,5,1379,3262,0,3059,1,330,102,5,7,57,13,24,333,1971,0,272,67,76,12,13885,2707,832,805,1619,144,4902,4063,5687,75,292,191,0,1965,14429,1257,614,41,14787,14777,2519,93,2,77,374,1038,2901,423,5806,70,294,3875,723,539,60,79,253,551,93,1625,235,459,0,67,5,0,413,374,0,155,605,233,340,194,175,90,872,0,146,369,30,883,240,2977,172,348,54,329,199,57,70,881,436,103,142,99,146,825,69,83,317,186,69,1,246,17,33,32,213,21,45,1,1,1,4,1,9,0,1,0,2,0,1,99,15,1,14,3,0,14,32,0,34,0,2,19,0,344,50,269,19977,65,230,7234,2,66,930,4,52,5,8,39,132,33,0,18,0,0,10,22,0,36,14,7,7,0,6,338,990,0,222,4,71,71,65,46,114,5,5,71,661,0,103,14,20,15
2430,0,2644,189,4637,160,4346,2821,4001,20,18,27,0,32,4177,387,67,0,2456,4776,213,48,0,6,2692,2562,1970,178,197,5,2,2690,562,124,15,1,54,71,21,92,69,4926,0,1953,34,0,28,63,0,62,4873,282,234,4834,1546,1448,1093,0,281,204,39,785,549,1549,331,260,99,354,415,20,31,1111,317,7,24,12,488,833,31,119,557,43,75,10,186,33,22,56,432,6,2147,3,2,1,2,1,3,3,1,0,1,0,0,60,19,0,15,0,0,5,7,0,3,1,1,2,0,270,12,166,13797,351,171,7785,1,473,1110,36,19,14,8,7,93,4,0,4,0,0,4,25,0,90,3,1,6,0,7,970,2773,0,4919,1,67,19,3,3,30,10,10,87,2662,0,152,70,47,4,3430,3045,744,601,1181,106,4723,4269,3909,18,81,73,0,46,1605,162,80,0,790,3593,507,94,0,16,262,134,145,132,65,3,25,208,153,291,23,16,63,229,21,1780,134,357,0,64,2,0,105,42,0,126,358,216,209,150,160,55,391,0,121,80,27,894,148,937,111,59,24,43,167,48,65,778,348,47,72,61,134,690,59,87,208,97,35,1,189,14,15,26,130,3,28,1,1,1,1,0,6,0,1,0,2,0,1,51,9,1,7,1,0,5,14,0,13,0,1,7,0,65,30,177,5425,45,181,1265,2,49,741,3,36,6,7,33,69,3,0,7,0,0,5,16,0,41,3,1,6,0,6,268,1236,0,187,2,45,56,32,20,60,3,3,72,662,0,88,18,13,11
661,2644,0,2974,242,203,2586,1789,2796,0,0,3,0,1,426,2,1,628,3840,5079,69,2882,35,114,194,459,42,1429,0,373,1023,3,2,4,0,0,4,38,1289,1546,23,249,0,65,1,0,0,1,0,2,180,2,5,254,47,10,34,0,1,16,1,40,4,92,0,30,27,7,3,6,0,11,8,0,6,0,10,9,8,3,30,1,3,1,9,3,0,2,3,0,153,0,0,0,0,0,0,0,0,0,0,0,0,0,0,0,0,0,0,0,0,0,0,0,0,0,0,34,0,6,3190,2,1,1357,0,2,12,1,0,2,1,0,3,0,0,0,0,0,0,1,0,0,0,0,0,0,0,16,1428,0,273,0,3,6,0,0,2,0,0,3,385,0,2,0,3,0,2619,2756,393,453,161,69,4564,4304,2734,1,3,3,0,198,1650,47,24,4,942,2861,201,52,0,9,153,130,135,124,169,0,13,45,23,24,7,0,5,25,15,1726,9,1,0,0,0,0,7,33,0,20,1,1,6,1,1,0,18,0,0,16,0,13,2,39,1,17,0,20,2,0,0,2,1,0,0,0,0,1,0,0,3,1,0,0,0,0,0,0,1,0,0,0,0,0,0,0,0,0,0,0,0,0,0,0,0,0,0,0,0,0,0,0,0,0,0,0,0,19,0,0,3059,0,1,569,0,0,1,0,0,0,0,0,0,0,0,0,0,0,0,0,0,0,0,0,0,0,0,1,30,0,0,0,0,0,0,0,0,0,0,0,153,0,0,0,1,0
1290,189,2974,0,18,71,436,828,3670,0,0,3,0,0,3714,1,0,1,2458,2862,107,68,0,0,2954,2953,2949,1249,0,1,1,1794,6,6,0,0,2,2,10,53,22,13,0,3,1,0,0,0,0,1,21,5,3,22,2,19,33,0,1,17,1,40,3,85,2,30,28,9,3,4,0,10,6,0,4,0,6,8,5,2,7,0,1,0,5,2,0,1,3,0,3,0,0,0,0,0,0,0,0,0,0,0,0,0,0,0,0,0,0,0,0,0,0,0,0,0,0,34,0,6,8030,1,1,5538,0,1,9,1,0,3,0,0,1,0,0,0,0,0,0,0,0,0,0,0,0,0,0,15,1219,0,26,0,1,4,0,0,2,0,0,1,216,0,2,0,4,0,2270,1644,269,223,16,8,2235,2192,3275,1,3,1,0,119,1416,46,27,0,778,2281,187,39,0,9,167,143,149,139,103,0,8,57,18,95,7,0,11,115,13,1519,10,13,0,5,0,0,9,27,0,22,7,10,32,9,9,0,26,0,1,17,0,18,4,42,2,22,0,24,3,0,0,4,1,0,0,0,0,2,0,2,9,0,1,0,2,0,0,1,4,0,0,0,0,0,0,0,0,0,0,0,0,0,0,0,0,0,0,0,0,0,0,0,0,0,0,0,0,19,0,0,2818,1,1,679,0,1,3,0,0,0,0,0,1,0,0,0,0,0,0,0,0,0,0,0,0,0,0,1,61,0,8,0,1,0,0,0,0,0,0,2,11,0,2,0,1,3
2977,4637,242,18,0,20,1096,1311,2071,219,173,276,0,36,1724,687,148,0,2651,3012,239,42,0,2,3570,3155,2166,255,295,2,1,3460,1476,81,25,14,28,10,60,198,51,1517,0,1034,38,2,20,91,0,62,2545,340,203,1649,997,2411,1525,0,161,494,32,1428,426,1835,404,412,202,395,130,23,58,640,264,16,31,23,142,616,16,79,1204,350,43,8,157,34,29,36,192,23,21,2,1,0,2,0,5,1,1,1,0,0,0,57,41,1,15,0,0,3,6,0,1,1,2,1,0,409,14,931,3501,321,361,1947,1,523,767,22,25,46,7,5,78,1,1,1,1,0,3,19,0,82,0,1,3,0,5,1102,1943,0,2260,1,50,34,6,14,53,15,11,57,2481,0,111,42,56,27,1700,1197,533,494,1011,38,1571,569,1306,22,64,14,0,4,536,178,82,0,344,1552,439,60,0,14,118,45,38,27,22,36,42,152,120,106,19,14,64,122,11,193,179,347,6,90,3,0,139,31,0,163,594,198,141,81,181,46,400,0,80,110,11,760,69,752,75,75,24,59,81,31,24,563,298,48,56,51,83,530,44,44,153,70,29,1,126,17,14,20,105,6,16,0,0,0,0,0,9,0,0,0,1,0,0,30,28,0,27,1,0,3,6,0,4,0,0,4,0,74,21,303,2745,70,142,561,2,90,545,2,37,4,11,11,43,2,0,3,0,0,2,33,0,19,1,0,4,0,2,211,1172,0,169,2,29,42,37,25,50,7,2,29,391,0,42,10,12,11
190,160,203,71,20,0,156,555,195,0,13,18,14,22,219,162,185,0,343,629,34,1,0,4,217,204,188,19,2,0,0,166,14,83,1,0,183,107,27,265,402,449,0,29,5,1,314,49,0,202,779,77,471,774,108,442,693,0,48,179,3,249,50,405,171,322,98,258,39,87,13,208,12,6,7,123,9,41,4,13,525,234,4,1,190,9,10,4,26,2,398,0,0,0,4,0,6,0,0,0,0,0,0,16,4,0,2,0,0,1,2,0,0,0,3,0,0,323,6,43,1217,172,33,354,46,162,42,2,13,13,2,153,4,0,0,1,0,0,1,2,0,3,0,0,5,0,5,92,247,0,217,0,4,6,4,0,32,2,1,10,44,0,19,0,15,39,368,36,15,15,11,2,114,58,290,9,15,32,0,0,282,9,1,0,91,376,41,9,0,7,28,19,16,18,4,0,16,7,13,167,14,4,28,72,2,53,2,114,0,6,2,0,1,9,0,10,275,5,108,23,26,0,361,0,195,176,22,243,51,262,164,47,98,145,50,27,32,165,11,16,5,80,13,264,9,30,112,6,35,0,52,5,4,14,93,2,6,0,0,0,5,0,4,0,0,0,1,0,0,30,3,0,5,3,0,1,1,0,1,0,1,1,0,179,71,155,709,127,52,121,2,33,165,0,30,1,2,76,48,1,0,2,0,0,1,2,0,4,0,0,2,0,5,162,24,0,12,3,14,41,13,18,35,2,18,38,14,0,48,2,7,55
3980,4346,2586,436,1096,156,0,1429,4465,392,374,558,28,89,3424,1348,491,0,7187,6483,382,118,0,154,8512,6984,5478,1964,658,20,24,6545,3724,466,454,38,497,325,375,704,468,3062,0,1326,51,1,706,610,1,790,3484,692,733,2794,1239,1913,2536,0,488,632,124,1823,2224,5276,779,648,275,862,653,113,68,1430,371,14,105,232,866,1273,208,206,952,334,626,22,635,96,47,228,922,62,701,6,4,1,11,6,20,7,15,12,5,0,0,219,71,3,31,6,0,256,99,11,39,2,17,38,0,608,232,437,16155,648,173,7907,39,902,1997,59,24,64,9,208,842,53,6,83,3,1,112,117,3,139,15,10,18,0,28,1396,3116,0,2808,2,430,98,11,38,66,19,19,321,1087,15,349,75,117,20,4186,819,811,590,285,154,1776,1827,4195,60,164,293,0,97,2253,610,210,4,1151,4353,719,162,0,112,995,690,593,448,623,307,639,962,972,802,52,19,224,807,214,1555,242,1127,13,298,5,0,214,257,4,343,1169,239,903,891,508,316,902,0,233,380,34,1621,326,1931,395,254,148,281,245,49,61,946,343,86,80,294,124,933,58,91,482,210,96,5,256,22,36,41,404,66,109,1,1,1,5,6,18,0,40,27,8,0,2,203,51,15,45,1,3,104,56,2,81,35,24,86,0,274,274,776,7529,289,206,3002,2,314,1039,4,74,9,12,180,202,31,13,81,13,12,60,66,2,24,23,13,12,3,26,745,1378,0,923,4,74,69,69,26,102,9,6,71,244,15,114,18,40,82
1612,2821,1789,828,1311,555,1429,0,1148,196,221,323,14,60,4049,805,720,0,11889,3300,219,280,0,64,17046,14680,14437,11016,278,26,304,7940,4060,211,238,26,346,264,309,1631,811,606,147,222,25,43,1027,371,0,899,3632,411,390,1909,399,2627,2059,0,433,777,132,1275,983,3167,679,845,764,1462,448,309,193,1330,297,144,124,391,501,566,433,268,3913,787,364,58,1209,157,105,138,654,54,285,3,2,0,24,5,50,8,9,7,6,0,0,244,91,1,35,9,0,89,71,6,33,2,25,23,0,1157,74,300,22172,667,285,11384,88,663,955,77,64,164,15,342,470,25,3,42,2,1,40,132,4,93,20,7,31,1,30,462,653,1,2806,4,334,157,109,46,237,20,71,324,828,7,413,37,212,97,1302,310,245,160,376,278,1545,1153,850,129,320,145,0,47,842,430,77,1,439,1307,233,139,2,226,446,249,354,365,487,47,208,326,500,1130,224,137,550,1017,196,1215,158,358,2,90,7,0,148,245,3,190,2504,164,652,288,229,50,1043,0,1121,730,60,1665,604,2044,721,218,408,620,560,171,101,1597,215,198,108,1119,100,2854,46,144,2156,378,430,3,548,25,45,293,884,46,93,0,0,0,22,3,32,1,25,20,13,1,0,202,62,8,63,10,2,57,44,4,55,15,22,70,0,677,1451,1050,4758,812,333,2077,2,113,1543,2,143,14,23,1268,532,30,32,44,6,5,22,79,25,13,28,10,22,28,31,1276,334,1,280,11,358,300,100,264,274,9,44,245,202,13,460,10,171,141
2480,4001,2796,3670,2071,195,4465,1148,0,37,16,20,0,4,871,72,37,739,3989,3675,241,2794,56,231,816,1009,503,1974,7,510,1201,52,69,40,14,1,105,68,2192,1859,296,1323,0,408,31,0,432,47,0,72,1746,51,16,1822,131,843,711,0,74,221,82,515,1069,6596,67,596,287,127,265,96,32,374,195,11,110,8,495,301,366,72,533,225,327,7,520,37,25,199,223,18,538,0,0,0,0,0,4,0,0,0,1,0,0,67,30,0,6,0,0,23,16,1,2,0,0,5,0,465,12,141,7383,21,41,1309,0,32,652,23,10,22,4,4,390,2,0,10,0,0,17,21,1,22,2,0,2,0,1,330,2085,0,1905,1,354,93,2,6,40,6,19,340,1363,0,161,4,46,4,3346,2043,717,750,1367,215,5110,4400,8042,42,106,101,0,1072,10443,1157,1231,0,5529,12117,7796,17,0,30,279,143,190,90,1384,4,30,189,489,265,65,32,135,233,64,1223,2901,98,0,4,2,0,532,263,0,30,71,152,150,95,24,3,312,0,29,199,7,881,152,2874,38,229,16,319,76,10,14,112,44,26,21,22,22,79,11,20,161,129,47,0,101,8,35,15,100,11,12,0,0,0,0,1,5,0,0,0,1,0,0,76,12,0,8,0,0,15,32,1,38,0,0,29,0,226,14,51,10668,14,22,838,2,10,136,3,16,1,2,7,85,44,0,15,0,0,10,13,0,2,11,5,2,0,0,107,364,0,90,0,46,11,17,10,30,4,4,19,449,0,32,2,11,4
3384,20,0,0,219,0,392,196,37,0,354,940,3,36,3080,2347,3187,2,3279,3468,152,17,0,4,1,375,193,195,3271,4,460,181,593,450,147,337,1458,161,2595,2224,1161,267,0,271,18,0,3364,161,0,261,329,38,119,240,76,5,1317,0,51,365,16,751,2119,2743,66,2029,721,2273,73,46,39,128,63,2,42,2,85,115,49,41,95,22,35,0,103,9,14,11,90,14,231,0,0,0,2,1,4,0,1,1,0,0,0,54,12,0,3,1,0,20,12,0,5,0,2,1,0,1696,12,92,847,28,4,4648,7,40,142,5,7,8,2,2,74,4,0,4,0,0,9,8,0,14,2,2,4,0,4,471,277,0,237,0,16,42,1,0,7,1,25,34,211,1,28,8,26,34,3695,20,0,0,3,2,67,55,334,112,108,252,0,635,2894,459,38,0,2858,1819,358,0,0,24,44,4,128,5,1996,0,1,501,773,623,22,15,105,217,7,92,351,14,3,6,1,6,14,83,0,49,58,3,66,10,13,1,418,0,50,583,7,706,191,2096,513,456,502,989,60,4,35,127,27,7,3,8,26,58,11,39,53,21,12,0,45,5,5,6,70,7,6,0,0,0,1,1,1,0,2,1,0,0,0,43,2,1,3,0,1,5,2,0,7,1,2,4,0,963,18,20,7233,13,68,243,0,9,199,0,8,0,3,2,45,2,1,4,1,0,1,4,1,20,2,1,1,0,4,109,21,0,0,0,10,2,8,2,10,0,18,31,3,1,15,4,14,54
2380,18,0,0,173,13,374,221,16,354,0,668,13,25,1543,1311,1610,54,1796,2302,91,362,17,268,732,470,300,410,2030,16,956,398,619,94,426,569,1367,320,4260,4187,527,220,0,203,3,0,1730,369,0,710,233,26,82,202,60,2,696,0,34,319,12,438,1663,1333,58,1514,280,1354,51,2,25,46,12,5,2,0,23,37,8,26,51,18,34,0,51,6,9,12,53,11,193,1,1,0,3,1,4,0,0,0,0,0,0,39,8,0,1,1,0,18,13,0,3,0,1,0,0,497,1,38,857,21,5,5094,14,28,59,2,4,6,1,0,47,8,0,3,0,0,7,5,0,8,2,2,5,0,5,236,110,0,192,0,18,3,1,0,5,1,15,26,167,0,18,2,15,28,2638,18,0,0,1,1,93,28,185,34,57,91,0,485,1992,332,21,0,2020,1236,209,1,0,6,22,4,85,4,1271,0,0,218,463,220,6,43,92,145,30,43,204,6,3,6,2,4,5,52,0,15,43,1,44,6,8,1,101,0,42,402,9,342,150,562,155,322,96,374,45,4,26,63,20,8,2,8,17,44,5,26,42,16,11,0,35,5,7,8,53,5,6,0,0,0,1,1,2,0,2,1,0,0,0,31,1,1,2,0,1,8,2,0,6,1,2,2,0,460,15,19,3915,9,40,194,0,6,102,0,4,0,1,2,34,4,1,5,1,0,2,5,0,12,3,2,2,0,5,74,15,0,0,0,6,2,7,0,8,0,12,22,0,1,11,2,8,24
4337,27,3,3,276,18,558,323,20,940,668,0,7,78,3656,3576,3916,2,4822,3771,11,383,0,17,185,872,301,584,4054,446,1760,288,248,178,193,641,1894,42,4408,3307,1546,395,1,359,32,1,4163,309,0,390,808,116,338,330,199,31,1842,0,41,328,9,595,897,1455,133,1492,698,1081,55,351,17,493,445,2,350,5,399,501,322,23,340,30,55,0,334,8,7,16,154,23,280,0,0,0,0,0,1,0,2,2,0,0,0,32,17,0,6,0,0,26,10,2,3,1,2,4,0,1933,16,104,758,153,6,6600,73,164,550,5,10,12,0,4,73,2,1,10,1,1,15,19,0,14,0,0,1,0,0,398,889,0,316,1,28,351,0,1,6,1,10,20,247,2,32,3,23,65,4686,16,0,0,4,2,208,192,9,416,373,659,0,833,3232,626,32,1,3593,1936,31,5,0,590,744,22,125,24,2318,4,16,506,924,1719,827,23,335,440,57,247,42,59,2,6,0,0,27,91,0,488,84,5,388,26,17,6,1826,0,35,946,4,631,170,3145,1377,904,1351,2639,42,1,23,430,18,7,4,9,16,37,7,27,42,21,20,0,39,6,2,5,65,21,8,0,0,0,0,0,1,0,3,1,1,0,0,33,6,0,5,0,0,12,5,0,7,2,1,10,0,2476,7,71,9410,72,135,376,17,63,361,0,15,0,0,4,42,0,0,7,0,1,5,10,1,4,0,0,0,0,0,67,7,0,19,0,11,3,7,7,16,0,6,18,9,1,22,8,14,149
0,0,0,0,0,14,28,14,0,3,13,7,0,63,192,756,72,0,44,5,0,0,0,0,0,0,0,0,42,0,0,0,272,5,0,1,20,0,29,7,11,14,0,0,0,0,29,7,0,33,9,0,42,11,22,0,90,0,0,4,0,9,0,35,4,0,0,0,0,0,0,0,0,0,0,0,0,0,0,0,14,0,0,0,0,0,0,0,0,0,0,0,0,0,0,0,0,0,0,0,0,0,0,0,0,0,0,0,0,0,0,0,0,0,0,0,0,0,0,3,37,6,0,29,26,6,0,0,0,0,0,0,0,0,0,0,0,0,0,0,0,0,0,0,0,0,0,4,3,0,6,0,0,0,0,0,0,0,0,0,0,0,0,0,0,1,0,0,0,0,0,1,29,1,0,0,0,1,0,0,0,0,0,0,0,0,0,0,0,0,0,0,0,0,0,0,0,0,0,29,0,0,1,15,0,0,0,0,0,0,0,0,0,0,0,0,0,1,3,1,0,0,14,0,0,0,0,4,0,1,0,0,0,0,0,0,0,1,1,0,0,0,0,1,0,0,1,0,0,0,0,0,0,0,0,0,0,0,0,0,0,0,0,0,0,0,0,0,0,0,0,0,0,0,0,0,0,0,0,0,0,0,0,0,0,0,31,3,0,29,0,2,1,0,0,0,0,0,0,0,0,0,0,0,0,0,0,0,0,0,0,0,0,0,0,0,1,0,0,0,0,0,1,0,0,0,0,0,0,0,0,0
177,32,1,0,36,22,89,60,4,36,25,78,63,0,9257,1220,37,0,6372,3579,0,0,0,0,26,412,1419,25,3815,0,0,705,635,156,15,0,28,3,17,39,26,290,0,47,0,0,103,794,0,644,83,4,792,44,694,2,68,0,10,25,6,104,22,496,19,5,14,8,25,0,5,34,8,1,1,1,17,31,6,10,51,14,13,1,26,10,6,4,31,1,24,0,0,0,2,0,7,0,0,0,0,0,0,16,6,0,1,1,0,3,6,0,0,0,1,1,0,5,0,2,724,59,4,160,18,70,31,1,10,1,1,0,14,2,0,2,0,0,2,4,0,4,2,1,2,0,2,17,15,0,32,0,8,0,1,0,3,7,2,10,5,0,18,2,9,3,1778,3,0,0,6,2,36,10,7,1,4,1,0,466,2030,137,32,0,2343,1320,40,0,0,3,3,28,318,3,509,1,2,123,67,23,0,1,5,14,0,41,78,38,5,70,1,0,62,4,0,84,232,56,205,8,331,2,342,0,34,16,30,142,28,431,36,106,0,17,30,2,26,68,105,25,6,22,7,124,4,10,24,16,10,0,36,11,22,1,42,1,4,1,1,0,1,0,16,0,1,1,1,0,0,33,3,0,3,0,0,1,1,0,2,1,1,2,0,150,4,14,2502,28,42,1009,8,42,131,1,13,2,2,0,10,1,0,2,0,0,1,6,0,0,1,0,1,0,2,16,82,0,4,0,0,2,7,20,26,28,1,13,1,1,33,0,1,12
1809,4177,426,3714,1724,219,3424,4049,871,3080,1543,3656,192,9257,0,2554,45,1125,38825,11598,349,10998,126,1933,10280,23148,37708,23355,23269,909,3822,9882,4062,4012,302,469,1900,1368,8604,9876,766,1999,0,338,11,0,2876,5040,0,6229,1427,143,2499,1178,1477,294,2055,0,79,612,51,989,1830,20480,537,701,552,717,198,39,34,255,112,6,45,7,317,218,202,59,325,155,227,3,333,28,23,138,194,31,439,0,0,0,0,2,8,1,3,1,1,1,0,72,39,1,9,1,1,31,25,3,3,0,2,6,0,857,18,250,24373,167,42,8113,33,173,473,15,8,20,3,3,276,12,0,18,0,0,26,22,1,17,5,3,1,1,2,699,670,1,1092,2,238,40,1,4,27,6,19,209,1053,2,119,2,34,309,7191,3,197,37,414,4,1697,1059,5433,36,57,67,0,828,13824,673,1113,45,10281,13360,5037,33,2,82,266,444,616,409,1482,90,302,632,436,492,64,35,189,469,99,679,2477,46,0,25,1,0,426,149,1,57,156,96,236,19,157,3,630,0,49,277,13,829,146,2197,63,317,29,384,90,9,31,193,93,22,24,22,72,176,13,35,144,100,39,1,105,9,29,21,124,21,18,0,0,0,2,1,4,0,4,5,1,0,0,69,15,3,16,2,0,16,26,1,30,1,5,27,0,383,19,84,15047,21,52,6003,8,18,242,3,15,3,0,5,87,30,3,14,3,0,7,16,0,46,11,5,1,0,3,205,219,0,8,4,47,14,20,11,33,7,2,21,138,2,38,15,13,14
5740,387,2,1,687,162,1348,805,72,2347,1311,3576,756,1220,2554,0,2794,0,3680,4719,72,8,0,242,588,333,463,496,3313,17,2,596,3678,3433,348,377,1299,856,971,1287,596,1567,3,1808,585,96,678,3754,0,6237,4688,196,1442,392,1782,425,3133,0,1207,3684,179,5219,885,10467,2694,367,655,533,448,56,139,1692,766,82,66,52,534,1749,172,196,1155,402,307,17,609,108,95,157,736,48,328,5,5,2,13,3,27,8,5,1,8,1,0,266,117,2,66,4,0,116,110,1,20,15,5,25,0,355,198,1813,14886,3910,1389,6155,67,4222,2049,55,135,449,10,13,474,40,2,76,1,0,67,106,0,124,15,7,18,0,34,2106,467,1,454,7,244,69,45,44,580,66,68,269,322,1,745,34,163,395,6241,167,10,9,87,9,1064,300,106,1060,1721,159,0,1369,4152,1831,117,12,4757,2476,95,6,0,368,507,63,848,546,4251,89,113,2327,2855,557,72,58,431,627,109,485,196,391,6,273,3,0,312,900,1,437,4492,768,365,397,556,89,1692,0,577,692,147,3871,912,6389,390,371,157,223,490,444,131,2751,2187,803,1221,1098,2394,4172,2174,323,1469,682,660,12,1583,113,85,130,1580,31,386,2,2,3,8,2,47,3,10,6,7,0,0,233,94,4,76,6,1,114,54,2,41,5,11,45,0,334,870,850,17345,2849,286,1151,11,2795,4643,27,443,43,79,428,2167,41,6,103,4,2,93,132,2,122,16,11,31,0,75,250,197,1,105,7,533,983,474,810,598,55,28,353,50,4,576,68,122,39
232,67,1,0,148,185,491,720,37,3187,1610,3916,72,37,45,2794,0,0,51,678,133,2,0,183,464,191,321,322,44,3,1,327,3772,4497,347,370,1430,1068,813,1237,708,1380,1,329,52,19,2893,5328,0,7154,2161,46,3463,455,2167,137,1845,0,560,2020,46,2935,1040,15741,1560,106,247,141,140,16,37,487,127,38,7,35,138,408,30,68,496,150,106,5,179,44,38,55,244,9,218,0,0,2,5,4,14,0,2,2,0,0,0,80,35,0,16,2,0,18,23,2,7,0,3,4,0,290,96,270,15383,2394,287,1055,14,2450,446,9,99,245,5,9,124,24,0,11,0,0,16,28,0,45,8,3,4,0,12,649,181,0,158,5,78,16,30,25,177,35,36,75,134,2,310,9,34,212,148,16,5,5,12,4,470,190,98,795,636,118,0,27,288,209,90,21,163,193,106,6,0,58,114,44,62,56,77,25,65,73,80,628,4,36,143,535,70,455,176,72,5,137,1,0,131,23,1,160,2550,460,302,124,462,8,1312,0,314,347,87,2582,301,3006,237,238,115,114,228,272,69,1427,1288,331,880,586,1161,2260,1009,177,759,199,159,6,573,67,50,55,794,8,127,2,1,2,5,0,31,3,5,4,4,0,0,90,39,4,31,3,0,8,9,1,5,3,9,12,0,234,566,263,5205,1950,134,1075,10,1904,2438,18,175,20,47,231,898,5,4,7,3,0,5,58,2,32,3,2,16,0,19,87,125,0,25,4,134,603,171,431,234,47,9,52,30,3,290,39,51,21
36,0,628,1,0,0,0,0,739,2,54,2,0,0,1125,0,0,0,352,1876,0,111,425,1550,2265,1135,1206,584,0,296,2092,206,145,2,112,300,205,1546,300,131,0,0,0,0,0,0,0,0,0,0,0,1,0,0,0,0,2,0,0,0,0,2,0,0,0,0,0,0,0,0,0,0,0,0,0,0,0,0,0,0,0,0,0,0,0,0,0,0,0,0,0,0,0,0,0,0,0,0,0,0,0,0,0,0,0,0,0,0,0,0,0,0,0,0,0,0,0,0,0,0,2210,0,0,818,0,0,0,0,0,0,0,0,0,0,0,0,0,0,0,0,0,0,0,0,0,0,0,0,2,0,0,0,0,0,0,0,0,0,0,0,0,0,0,0,0,0,36,0,9,1,0,0,1,1,110,0,0,0,0,0,34,0,0,0,34,34,0,0,0,0,0,0,0,0,0,0,0,0,0,0,0,0,0,0,0,0,0,0,0,0,0,0,0,0,0,0,0,2,0,0,0,0,1,0,0,0,0,2,0,0,0,0,0,0,0,0,0,0,0,0,0,0,0,0,0,0,0,0,0,0,0,0,0,0,0,0,0,0,0,0,0,0,0,0,0,0,0,0,0,0,0,0,0,0,0,0,0,0,0,0,0,0,0,0,0,0,34,0,0,3,0,0,0,0,0,0,0,0,0,0,0,0,0,0,0,0,0,0,0,0,0,0,0,0,2,0,0,0,0,0,0,0,0,0,0,0,0,0,0,0,0,0
2038,2456,3840,2458,2651,343,7187,11889,3989,3279,1796,4822,44,6372,38825,3680,51,352,0,67179,172,7829,38,910,9673,18997,24467,10101,20890,441,1298,11123,5437,4222,355,455,1251,1184,4225,7449,287,2869,0,776,0,0,1931,6783,0,7532,1839,169,3083,1995,2230,406,781,0,33,71,22,438,165,11849,94,26,47,73,60,8,14,96,24,5,3,10,77,96,28,19,196,55,65,1,93,16,12,29,79,5,914,0,0,0,3,0,10,0,0,0,0,0,0,33,15,0,4,2,0,8,13,0,0,0,2,1,0,50,8,13,28532,277,16,17956,12,302,139,3,16,6,1,6,80,13,0,6,0,0,7,11,0,11,3,1,3,0,3,70,160,0,1900,2,54,2,3,1,7,9,6,40,1586,0,48,2,13,9,7849,11,142,9,401,6,5132,3621,1385,1,10,16,0,1163,8845,427,67,42,9616,7484,259,92,2,38,198,670,1240,435,1934,84,291,896,301,391,2,1,23,307,56,982,142,84,5,134,1,0,134,49,1,166,423,211,299,34,473,5,650,0,65,43,44,436,57,888,69,166,14,73,51,5,42,170,223,58,14,39,37,273,13,20,63,43,22,0,66,15,33,9,84,5,13,1,1,0,2,0,20,1,4,4,1,0,0,51,8,3,9,2,0,3,3,0,3,2,6,6,0,203,7,35,11202,74,92,6314,10,98,292,1,26,3,3,1,29,4,3,4,3,0,2,14,0,14,3,1,3,0,5,29,167,0,31,2,13,9,20,37,54,39,1,26,197,2,61,0,5,19
4425,4776,5079,2862,3012,629,6483,3300,3675,3468,2302,3771,5,3579,11598,4719,678,1876,67179,0,888,5407,162,2060,29615,42310,62605,55830,19887,1199,4949,14135,6480,1815,158,344,1315,729,4345,2950,639,1886,0,510,5,0,4128,4721,0,1625,2019,153,339,2385,462,889,797,0,78,46,90,456,1835,17517,47,63,105,69,285,104,31,380,190,13,114,9,547,312,394,81,589,239,369,8,560,45,24,218,246,17,864,0,0,0,1,1,4,1,1,0,1,1,0,73,25,1,10,1,1,36,24,1,5,0,1,4,0,183,12,103,46884,173,22,24185,0,185,707,28,8,30,5,4,441,8,0,13,0,0,23,26,1,25,5,2,4,1,3,285,1958,1,2384,2,394,102,3,5,38,5,18,371,2190,0,184,4,52,0,7082,485,1115,701,1630,128,4977,3653,9664,43,64,97,0,1455,15591,1351,1459,15,10602,16829,8051,113,0,49,430,464,629,295,2147,33,114,581,666,435,84,35,177,388,118,1179,2734,36,0,15,0,0,602,320,0,81,53,220,192,28,31,2,391,0,32,23,9,825,150,3051,30,25,21,194,79,7,9,96,41,17,14,14,32,64,8,16,174,141,55,0,100,7,37,16,106,11,18,0,0,0,1,1,4,0,0,0,0,0,0,87,12,0,9,0,0,23,35,1,38,0,0,27,0,30,11,52,16667,10,10,4007,0,4,123,4,18,1,2,2,88,46,0,19,0,0,12,11,0,14,14,5,2,0,2,118,268,0,24,0,52,8,17,8,23,4,3,19,363,0,37,1,13,5
774,213,69,107,239,34,382,219,241,152,91,11,0,0,349,72,133,0,172,888,0,12,0,1,70,40,38,30,10,0,0,81,76,145,20,35,179,70,32,116,447,227,1,108,20,1,757,54,0,81,521,280,112,144,92,65,2116,0,60,305,45,1350,1253,9222,96,1409,594,205,177,53,41,274,146,2,63,5,286,233,195,63,299,134,187,3,315,27,21,126,178,47,77,0,0,0,1,1,7,1,1,0,1,1,0,85,46,1,12,2,1,29,21,1,3,0,2,4,0,935,9,361,8012,34,80,768,3,37,446,16,11,18,3,3,234,3,0,11,0,1,20,17,1,13,3,2,2,1,2,520,2223,1,167,3,209,53,0,4,28,5,23,190,146,0,103,4,29,6,3293,23,34,45,106,0,211,204,7687,49,137,90,0,630,9689,824,1273,0,4011,10848,8166,0,0,44,144,44,90,30,958,7,21,104,364,284,58,36,153,313,51,176,3002,19,0,10,0,0,426,221,0,42,167,154,115,19,31,4,875,0,58,322,13,947,158,2310,84,298,23,414,81,12,42,230,136,51,58,37,77,246,19,35,125,88,43,1,109,8,27,16,122,36,17,0,0,0,3,0,3,0,1,1,1,0,0,64,14,0,14,3,0,17,27,0,29,1,2,20,0,315,20,101,10380,13,82,628,0,15,315,4,15,3,0,8,104,26,0,12,0,0,8,13,0,33,6,2,1,0,3,221,211,0,6,4,46,18,28,22,61,5,2,21,19,0,27,17,8,4
499,48,2882,68,42,1,118,280,2794,17,362,383,0,0,10998,8,2,111,7829,5407,12,0,6,110,17270,16692,17104,15963,40,641,499,4832,2508,6,0,7,1,27,40,513,2,33,0,26,0,0,2,3,0,5,32,8,1,32,17,2,20,0,1,2,1,12,4,122,2,2,2,2,2,0,0,1,1,0,1,0,4,2,3,0,3,2,2,0,3,0,0,1,2,0,25,0,0,0,0,0,0,0,0,0,0,0,0,0,0,0,0,0,0,0,0,0,0,0,0,0,0,3,0,0,21937,0,0,13715,0,0,4,0,0,0,0,0,2,0,0,0,0,0,0,0,0,0,0,0,0,0,0,0,12,0,31,0,2,0,0,0,0,0,0,2,26,0,1,0,0,0,523,0,7,16,0,0,76,65,355,1,1,1,0,168,383,34,0,0,461,318,41,4,0,2,7,4,6,8,176,0,1,7,25,2,2,0,0,2,4,13,0,0,0,0,0,0,8,5,0,4,0,11,2,0,1,0,10,0,0,2,0,11,1,32,2,3,0,3,0,0,0,0,0,0,0,0,0,0,0,0,3,3,1,0,2,0,1,1,0,0,0,0,0,0,0,0,0,0,0,0,0,0,0,1,0,0,0,0,0,0,1,0,1,0,0,1,0,3,0,0,595,0,0,167,0,0,1,0,0,0,0,0,1,1,0,0,0,0,0,0,0,0,0,0,0,0,0,0,11,0,0,0,1,0,0,0,0,0,0,0,0,0,0,0,0,2
4,0,35,0,0,0,0,0,56,0,17,0,0,0,126,0,0,425,38,162,0,6,0,545,926,310,332,53,0,43,266,89,60,0,353,144,789,418,830,70,0,0,0,0,0,0,0,0,0,0,0,0,0,0,0,0,1,0,0,0,0,1,0,0,0,0,0,0,0,0,0,0,0,0,0,0,0,0,0,0,0,0,0,0,0,0,0,0,0,0,0,0,0,0,0,0,0,0,0,0,0,0,0,0,0,0,0,0,0,0,0,0,0,0,0,0,0,0,0,0,221,0,0,132,0,0,0,0,0,0,0,0,0,0,0,0,0,0,0,0,0,0,0,0,0,0,0,0,1,0,0,0,0,0,0,0,0,0,0,0,0,0,0,0,0,0,4,0,0,0,0,0,0,0,9,0,0,0,0,0,3,0,0,0,3,2,0,0,0,0,0,0,0,0,0,0,0,0,0,0,0,0,0,0,0,0,0,0,0,0,0,0,0,0,0,0,0,1,0,0,0,0,0,0,0,0,0,1,0,0,0,0,0,0,0,0,0,0,0,0,0,0,0,0,0,0,0,0,0,0,0,0,0,0,0,0,0,0,0,0,0,0,0,0,0,0,0,0,0,0,0,0,0,0,0,0,0,0,0,0,0,0,0,0,0,0,3,0,0,0,0,0,0,0,0,0,0,0,0,0,0,0,0,0,0,0,0,0,0,0,0,0,0,0,1,0,0,0,0,0,0,0,0,0,0,0,0,0,0,0,0,0
127,6,114,0,2,4,154,64,231,4,268,17,0,0,1933,242,183,1550,910,2060,1,110,545,0,653,769,1271,312,174,4,341,280,270,62,655,276,2189,402,3860,2507,138,18,0,12,1,0,259,148,1,282,22,49,71,9,29,0,260,0,20,15,15,78,289,645,13,34,20,33,51,3,9,57,12,2,2,0,86,65,39,13,78,77,146,1,107,5,3,41,110,21,22,0,0,0,0,3,3,0,2,2,1,0,0,36,16,2,6,0,0,59,25,2,11,0,2,1,0,52,1,7,1616,33,0,2055,0,50,184,3,1,10,0,0,151,19,3,8,2,0,19,10,0,17,4,3,2,0,3,83,20,0,6,0,96,2,0,0,2,0,0,54,0,3,45,0,7,1,143,1,0,0,0,0,221,102,16,7,8,11,0,19,111,20,6,0,105,64,7,0,0,7,2,0,4,0,102,0,0,38,52,166,3,3,4,99,29,172,9,3,0,1,0,0,2,4,1,3,20,1,39,1,0,0,11,0,14,12,0,30,34,107,29,8,25,23,18,0,0,29,4,12,0,1,1,19,0,2,31,26,9,0,9,0,1,2,71,18,13,0,0,0,1,1,2,0,5,6,1,0,0,39,5,4,8,0,1,26,10,1,12,0,3,5,0,31,11,13,389,11,10,330,0,3,40,0,14,0,0,0,25,3,3,23,3,2,13,10,0,2,3,2,1,0,2,41,2,0,0,2,3,2,12,0,16,0,0,0,0,3,14,1,9,2
342,2692,194,2954,3570,217,8512,17046,816,1,732,185,0,26,10280,588,464,2265,9673,29615,70,17270,926,653,0,7551,3532,3194,270,802,6612,2096,695,167,1260,1081,5515,488,19363,22101,378,2250,0,1213,0,0,744,228,0,822,2254,236,128,2243,938,435,795,0,32,91,24,287,681,1979,178,89,58,203,82,4,5,87,25,0,9,0,130,94,68,21,189,79,176,1,129,14,5,65,130,18,1372,3,3,0,3,2,6,2,2,3,2,0,0,49,10,0,4,1,0,74,29,4,11,0,3,7,0,101,1,18,5706,116,3,23566,0,159,263,10,1,17,1,0,188,10,2,24,1,1,35,30,1,17,5,3,7,0,7,142,236,0,2288,0,104,5,0,0,7,4,2,81,1727,2,64,4,21,0,362,49,7,1,152,5,4851,3598,68,7,15,15,0,19,153,234,36,1,172,198,40,101,0,45,526,420,460,216,616,3,88,733,358,209,14,2,20,258,97,1290,44,49,0,6,0,0,31,159,1,41,57,27,78,24,20,2,105,0,24,22,7,114,43,322,33,25,17,26,34,14,9,81,44,14,23,13,25,70,15,13,70,32,19,1,37,3,8,6,77,13,11,0,0,0,2,1,3,0,15,6,1,0,0,51,12,3,9,0,1,20,9,1,25,11,4,21,0,35,6,15,1551,11,16,1447,0,6,103,0,14,0,2,2,31,4,2,10,2,4,11,16,0,17,5,2,3,1,4,43,30,0,38,1,10,16,11,5,17,1,1,14,119,4,19,3,10,2
241,2562,459,2953,3155,204,6984,14680,1009,375,470,872,0,412,23148,333,191,1135,18997,42310,40,16692,310,769,7551,0,5441,2283,345,808,5972,1099,1041,263,106,484,939,758,11218,16941,169,1836,0,894,0,0,346,144,0,386,1822,80,67,1851,705,400,385,0,9,52,3,82,122,985,104,37,26,111,23,0,0,24,10,1,3,1,35,21,16,8,117,10,25,0,24,4,0,14,21,1,1028,0,0,0,0,0,0,0,0,1,0,0,0,3,0,0,1,0,0,5,2,1,0,0,1,0,0,45,0,8,6114,43,1,18184,0,46,45,4,1,3,0,0,26,0,1,1,1,1,2,4,0,5,0,0,0,0,0,17,111,0,1900,0,17,1,1,0,5,0,1,19,1386,0,13,0,10,0,221,15,61,2,149,6,4342,3223,18,0,1,2,0,7,48,175,5,0,50,156,4,62,0,2,124,116,195,133,317,1,14,204,203,143,0,0,5,148,10,610,7,28,0,2,0,0,14,122,0,15,20,17,55,20,12,1,49,0,7,13,3,51,7,133,9,10,3,11,14,1,1,18,15,9,3,5,3,24,2,3,20,5,3,0,6,0,1,0,10,1,0,0,0,0,0,0,0,0,1,0,0,0,0,6,1,0,0,0,0,0,0,0,2,0,0,1,0,11,1,5,687,3,8,494,0,2,27,0,6,0,0,5,3,0,0,0,0,0,0,1,0,0,0,0,0,0,0,6,16,0,28,0,2,2,6,2,8,0,1,1,112,0,3,0,5,3
230,1970,42,2949,2166,188,5478,14437,503,193,300,301,0,1419,37708,463,321,1206,24467,62605,38,17104,332,1271,3532,5441,0,5158,1818,1214,6019,418,410,123,341,514,1241,1030,10375,16335,282,1300,0,617,0,0,572,248,0,631,1281,80,94,1387,511,257,492,0,25,32,19,116,366,1383,61,28,27,71,63,4,2,56,21,2,7,2,93,56,48,17,135,45,124,1,88,11,6,46,95,9,766,2,2,0,1,1,4,2,2,3,2,0,0,35,5,0,2,1,0,53,19,4,7,0,3,7,0,38,1,9,4553,56,1,16488,0,78,171,7,1,9,0,0,127,4,1,19,1,1,25,23,2,12,2,1,3,0,4,69,96,0,1448,0,67,5,2,0,9,3,2,60,909,2,43,3,21,0,1736,11,16,1,147,7,3585,2427,17,2,11,13,0,316,743,237,24,1,1302,473,20,83,0,54,245,414,1265,231,1554,24,130,769,357,159,12,2,26,212,115,1268,26,27,0,3,0,0,23,172,1,30,33,5,56,12,13,4,40,0,12,12,3,61,31,256,17,11,12,12,27,1,2,39,12,11,3,4,5,27,2,8,42,18,14,1,17,2,7,5,52,13,4,0,0,0,0,1,2,0,13,4,1,0,0,36,10,2,5,0,0,17,9,0,21,11,3,18,0,19,4,8,2984,6,10,1479,0,3,53,0,9,0,1,4,27,4,1,7,1,3,12,9,0,1,3,2,1,1,3,32,9,0,14,0,9,3,8,2,12,1,0,6,110,3,10,1,8,2
265,178,1429,1249,255,19,1964,11016,1974,195,410,584,0,25,23355,496,322,584,10101,55830,30,15963,53,312,3194,2283,5158,0,197,910,3810,2161,2544,112,320,167,868,394,8145,14725,282,410,0,225,0,0,572,261,0,639,425,58,61,328,115,219,433,0,26,11,17,91,329,1399,19,14,24,27,63,3,3,47,12,0,6,0,83,45,45,14,82,41,115,0,84,9,4,46,91,9,208,2,2,0,1,1,3,2,2,2,1,0,0,34,4,0,1,1,0,46,18,2,7,0,2,7,0,29,1,4,6042,37,1,15795,0,53,158,7,1,8,0,0,123,3,0,18,0,0,23,20,1,4,2,1,3,0,3,64,93,0,398,0,66,3,0,0,7,2,3,59,184,1,39,1,22,0,336,6,132,1,1,8,1790,856,130,2,10,18,0,25,144,287,25,1,136,211,20,50,0,44,263,153,264,247,420,58,163,279,463,189,11,2,37,235,124,873,24,26,0,10,0,0,24,216,1,38,32,6,83,21,18,7,37,0,10,12,4,47,28,304,19,13,12,20,28,0,2,35,13,4,1,0,3,22,0,6,40,14,16,1,16,3,7,5,49,9,2,0,0,0,0,1,3,0,12,4,1,0,0,34,8,2,5,0,0,14,9,0,21,10,3,18,0,22,4,8,1641,7,4,1245,0,4,47,0,5,0,1,0,27,4,1,5,1,3,10,9,0,0,3,2,1,1,1,32,8,0,22,0,7,1,4,0,6,2,1,6,3,3,9,0,10,5
4120,197,0,0,295,2,658,278,7,3271,2030,4054,42,3815,23269,3313,44,0,20890,19887,10,40,0,174,270,345,1818,197,0,9,0,485,5270,3589,372,439,1081,985,892,849,64,1056,0,61,1,0,765,6552,0,6153,215,49,2096,155,1174,70,189,0,44,40,23,63,179,7717,67,23,27,68,83,14,9,105,37,3,16,1,131,92,56,21,126,60,95,0,117,10,4,48,84,4,56,0,0,0,1,0,3,0,0,0,0,0,0,21,7,0,2,0,0,11,7,0,4,0,0,1,0,37,1,2,8378,42,1,3888,0,50,185,8,1,15,0,0,111,8,0,5,0,0,6,9,0,15,1,1,1,0,1,37,29,0,171,0,82,13,1,0,8,0,6,69,144,0,68,0,17,0,8662,3,0,0,8,2,439,131,11,2,12,15,0,3030,6168,835,5,5,8314,2968,2,0,0,32,111,426,2898,133,9012,13,42,4611,1927,214,5,5,20,131,45,238,5,17,0,0,0,0,56,206,0,80,15,9,46,4,6,1,49,0,29,9,5,42,10,281,24,4,4,10,33,0,7,29,11,17,1,5,3,30,5,10,38,22,4,0,14,0,1,1,41,2,6,0,0,0,1,1,0,0,3,2,0,0,0,20,4,1,4,0,0,2,3,0,4,1,1,6,0,6,15,17,12850,13,17,1757,0,1,40,0,17,0,2,4,11,4,1,2,1,0,0,3,0,1,2,1,0,0,1,6,7,0,3,0,3,1,16,2,19,0,5,7,2,1,22,0,11,1
0,5,373,1,2,0,20,26,510,4,16,446,0,0,909,17,3,296,441,1199,0,641,43,4,802,808,1214,910,9,0,1285,559,560,6,4,0,50,4,765,786,3,2,0,3,0,0,4,15,0,5,2,1,3,2,1,0,6,0,0,0,0,3,9,122,0,1,1,1,0,1,0,2,2,0,1,0,2,2,1,0,2,1,2,0,1,0,0,0,2,0,1,0,0,0,0,0,0,0,0,0,0,0,0,1,0,0,0,0,0,2,1,0,0,0,0,0,0,1,0,1,670,1,0,1127,0,1,4,0,0,0,0,0,2,0,0,1,0,0,1,1,0,0,0,0,0,0,0,2,1,0,1,0,0,2,0,0,0,0,0,0,2,0,0,0,0,0,0,0,92,1,0,0,17,16,0,0,0,0,0,2,1,1,1,0,2,93,1,1,0,6,9,3,2,2,14,0,4,3,2,2,2,0,2,7,6,30,1,4,0,0,0,0,0,0,0,1,4,0,3,2,1,2,3,0,0,1,0,3,0,6,0,2,1,0,0,0,0,1,0,0,0,0,0,0,0,0,1,1,0,0,1,0,0,1,1,1,1,0,0,0,0,0,0,0,0,0,0,0,0,2,0,0,0,0,0,1,0,0,0,1,0,1,0,2,0,1,32,1,0,34,0,1,0,0,0,0,0,0,0,1,0,0,0,0,0,0,0,0,0,0,0,0,1,1,0,0,2,0,1,0,0,0,0,0,0,0,0,0,0,0,0,0
53,2,1023,1,1,0,24,304,1201,460,956,1760,0,0,3822,2,1,2092,1298,4949,0,499,266,341,6612,5972,6019,3810,0,1285,0,3620,3202,151,84,56,1187,183,2777,1703,1,2,0,2,0,0,1,0,0,2,1,2,0,1,2,0,5,0,0,0,0,3,5,660,0,0,0,0,0,0,0,1,1,0,0,0,2,1,1,0,2,1,3,0,1,0,0,1,2,0,1,0,0,0,0,0,0,0,0,1,0,0,0,1,0,0,1,0,0,2,1,1,0,0,1,0,0,0,0,0,6802,0,0,3052,0,0,4,0,0,0,0,0,3,0,1,0,1,1,0,1,0,0,0,0,0,0,0,0,4,0,1,0,1,1,0,0,0,0,0,1,1,0,0,0,0,0,53,0,93,1,0,0,21,9,95,0,1,0,0,0,50,1,0,0,50,128,0,3,0,3,6,3,4,14,0,0,2,1,12,0,1,0,0,2,7,14,0,0,0,0,0,0,0,0,0,0,0,3,1,0,1,0,2,0,0,0,0,3,0,3,1,1,0,1,0,0,0,0,0,0,0,0,0,0,0,0,0,0,0,0,0,0,0,0,1,1,0,0,0,0,0,0,0,0,0,0,0,0,0,2,1,0,0,0,0,0,0,0,0,0,0,0,0,1,0,0,76,0,0,30,0,0,0,0,0,0,0,0,0,0,0,0,0,0,0,1,0,0,0,0,0,0,0,0,3,0,0,0,0,0,0,0,0,0,0,0,0,0,0,0,0,1
602,2690,3,1794,3460,166,6545,7940,52,181,398,288,0,705,9882,596,327,206,11123,14135,81,4832,89,280,2096,1099,418,2161,485,559,3620,0,1434,207,263,162,599,414,4162,6299,305,2206,0,1087,2,0,609,281,0,656,2209,220,144,2092,804,575,805,0,37,116,21,294,478,1667,223,94,66,240,81,4,7,96,37,1,9,1,96,88,46,19,211,60,128,1,108,12,11,57,108,12,1147,3,3,0,2,1,4,2,2,3,1,0,0,47,11,0,2,1,0,48,20,3,7,0,3,7,0,130,1,73,3252,111,13,12461,0,136,207,7,3,16,3,0,136,3,1,18,1,1,23,23,1,11,2,1,4,0,4,116,262,0,2182,0,74,5,1,0,10,4,3,62,1761,1,49,4,27,0,4149,140,1,1,140,11,2536,2081,63,8,20,30,0,1663,2023,312,28,1,3730,731,34,51,0,51,1217,1398,3683,254,8452,55,177,10385,3290,265,18,2,36,288,116,1005,38,88,0,9,0,0,34,193,1,42,221,42,117,38,36,16,124,0,32,34,9,138,51,513,35,23,17,26,45,44,12,262,209,18,146,37,90,246,60,16,198,133,21,1,153,4,11,12,110,12,69,0,0,0,0,1,2,0,12,4,1,0,0,44,13,2,6,0,0,15,11,0,20,10,3,17,0,36,8,39,10018,14,38,2916,0,15,276,1,15,1,3,8,36,3,1,5,1,3,10,12,0,57,3,2,2,1,1,41,63,0,145,0,17,49,15,23,27,3,1,18,106,3,24,5,12,3
6080,562,2,6,1476,14,3724,4060,69,593,619,248,272,635,4062,3678,3772,145,5437,6480,76,2508,60,270,695,1041,410,2544,5270,560,3202,1434,0,117,364,775,2509,320,5988,5609,286,1816,0,1170,6,1,3078,555,0,1007,1859,132,108,1401,652,730,1461,0,161,101,50,287,570,2099,94,61,52,94,213,21,33,268,80,7,24,12,281,247,100,54,293,118,228,0,245,36,25,95,230,21,842,1,0,0,4,1,14,1,5,5,2,0,0,84,34,0,13,3,0,66,29,4,14,0,7,8,0,102,5,234,3180,102,16,13338,14,148,459,20,10,50,4,4,259,9,2,20,1,1,29,38,1,42,3,2,6,0,8,204,244,0,1580,0,145,21,6,3,27,5,14,135,760,5,149,3,94,1,7483,270,0,0,17,16,1855,1158,55,13,30,37,0,2181,5060,1328,38,2,6070,2813,34,38,2,101,1159,580,1018,423,6556,73,209,7603,5162,348,36,6,66,366,179,930,40,206,0,20,1,0,46,523,0,89,345,15,156,80,45,49,90,0,70,45,14,105,60,971,62,25,17,36,122,32,17,257,166,34,124,37,75,223,53,36,254,154,24,1,156,9,12,13,181,17,82,0,0,0,2,3,4,0,13,8,1,0,0,64,25,3,18,0,1,18,14,1,23,11,6,22,0,37,35,157,17824,44,46,2273,0,25,264,4,32,1,6,12,50,9,3,12,3,2,11,24,0,39,8,2,4,2,9,51,74,0,199,0,21,38,35,18,45,4,5,21,13,4,57,4,54,7
1688,124,4,6,81,83,466,211,40,450,94,178,5,156,4012,3433,4497,2,4222,1815,145,6,0,62,167,263,123,112,3589,6,151,207,117,0,78,156,470,329,504,613,2634,337,1,207,29,1,4261,409,0,484,916,148,433,152,462,50,3166,0,149,742,30,1443,1357,1605,587,3340,1266,1905,136,320,51,766,458,26,322,26,401,575,303,57,441,89,115,2,403,22,58,18,218,30,97,1,0,0,3,0,6,3,5,5,0,0,0,97,40,0,19,3,0,36,13,2,4,1,7,6,0,2944,28,384,1681,265,59,2310,236,269,653,10,63,22,2,6,130,2,1,16,1,1,20,35,0,33,0,1,3,0,3,841,1106,0,128,1,47,323,18,5,131,13,19,59,64,5,110,6,37,148,1806,15,1,1,22,3,330,438,244,484,392,1120,1,355,1449,484,62,0,1339,947,287,3,2,562,668,7,53,39,962,2,30,226,447,3305,751,39,569,915,89,470,267,176,5,8,0,4,33,50,0,598,393,16,1236,63,122,5,2975,0,225,1659,45,1236,397,4617,2097,1357,1730,3617,146,58,64,1376,497,345,139,287,75,881,27,58,237,89,47,0,104,12,9,22,299,35,22,0,1,0,1,1,4,0,5,5,1,0,0,57,26,2,20,1,0,14,9,0,11,7,6,21,0,3691,50,377,8034,162,569,635,20,129,1411,16,182,2,7,43,85,2,2,8,2,0,7,26,2,15,3,0,8,2,6,330,30,0,32,1,31,110,176,178,397,4,11,43,17,0,129,12,33,379
244,15,0,0,25,1,454,238,14,147,426,193,0,15,302,348,347,112,355,158,20,0,353,655,1260,106,341,320,372,4,84,263,364,78,0,190,1291,485,369,290,245,38,0,26,0,0,563,63,0,525,73,114,54,31,43,2,391,0,31,12,23,227,686,1069,8,65,60,42,74,4,9,73,16,1,4,1,123,92,59,15,108,107,208,4,146,11,5,58,167,33,42,0,0,0,2,3,3,1,4,2,1,0,0,60,22,1,9,0,0,103,41,3,14,1,3,9,0,75,1,13,1179,75,3,441,0,113,281,8,1,10,1,0,231,22,1,21,0,0,36,28,1,15,5,4,2,0,4,162,64,0,29,1,119,4,1,0,2,1,0,76,14,4,63,0,9,1,236,3,0,0,2,0,316,167,74,11,12,27,0,61,119,51,47,0,68,133,57,0,0,16,24,1,12,8,172,0,2,42,81,84,14,3,10,46,38,422,56,5,0,0,0,0,14,23,2,25,38,1,15,1,3,1,33,0,20,12,4,112,63,271,49,21,59,57,31,0,4,62,4,15,1,2,7,23,2,7,44,40,27,1,28,2,7,8,106,27,20,0,0,0,1,0,5,0,11,9,3,0,0,62,10,3,13,0,1,42,10,0,26,8,7,22,0,67,12,16,746,15,16,531,0,4,70,0,15,0,1,0,56,9,5,29,5,5,19,13,1,3,5,4,0,0,4,80,1,0,2,1,8,3,14,2,15,1,1,4,1,5,18,2,12,3
264,1,0,0,14,0,38,26,1,337,569,641,1,0,469,377,370,300,455,344,35,7,144,276,1081,484,514,167,439,0,56,162,775,156,190,0,2656,1263,590,331,220,18,0,16,1,0,647,81,0,402,23,0,9,15,4,1,215,0,4,111,2,155,240,258,8,218,104,139,6,0,4,5,1,0,0,0,4,3,1,5,5,3,3,0,6,1,0,3,8,3,15,0,0,0,0,0,0,0,0,0,0,0,0,5,3,0,2,0,0,1,0,0,1,0,0,0,0,172,1,21,2014,1,0,442,1,1,5,1,0,2,1,0,3,1,0,0,0,0,0,2,0,1,0,0,1,0,1,86,56,0,15,0,3,0,0,0,0,0,2,4,10,0,5,0,1,5,275,2,0,0,0,0,12,4,130,10,0,36,0,59,125,58,3,0,68,152,58,0,0,0,7,1,8,6,196,0,1,32,79,21,0,0,4,10,1,4,58,1,0,0,0,0,0,6,0,1,2,0,4,0,0,0,17,0,6,125,0,90,42,163,24,116,12,101,4,0,4,8,1,2,0,1,0,5,0,3,2,0,0,0,3,0,0,0,7,2,1,0,0,0,0,0,0,0,0,0,0,0,0,4,2,0,2,0,0,0,0,0,0,0,0,0,0,132,2,3,532,2,8,98,0,0,10,1,2,0,1,0,3,0,0,0,0,0,0,1,0,0,0,0,1,0,1,12,0,0,0,0,1,1,2,1,3,0,0,2,0,0,3,0,1,2
618,54,4,2,28,183,497,346,105,1458,1367,1894,20,28,1900,1299,1430,205,1251,1315,179,1,789,2189,5515,939,1241,868,1081,50,1187,599,2509,470,1291,2656,0,3444,826,1312,1105,321,0,63,5,0,2213,312,1,1332,451,123,267,149,125,38,1585,0,142,453,68,817,2741,3044,199,2200,681,2481,210,32,66,321,128,48,11,9,251,305,161,104,785,353,443,14,444,48,35,118,413,48,405,0,0,0,8,6,16,0,13,9,2,0,0,171,48,2,19,4,0,223,86,5,31,3,11,29,0,1445,15,104,6913,123,38,1145,55,148,642,19,15,38,2,5,482,49,4,94,2,0,112,102,0,47,21,11,12,0,15,465,194,0,148,3,277,13,6,4,34,7,28,199,21,12,187,12,69,46,605,5,2,1,3,4,342,253,367,96,80,145,0,85,525,174,51,0,180,544,307,1,0,31,90,48,24,20,405,8,43,87,213,669,25,22,81,300,91,403,297,87,1,6,1,1,43,73,2,70,148,2,165,48,33,0,576,0,97,585,9,589,312,1144,474,371,332,683,117,6,41,321,68,65,20,37,41,147,15,54,149,249,80,1,138,8,28,20,303,54,88,6,6,13,22,6,11,2,46,25,4,1,1,152,30,10,33,1,11,102,46,6,67,30,29,87,0,808,47,74,2178,65,149,814,2,36,367,6,52,0,7,7,171,28,18,89,8,13,51,60,7,16,31,21,9,11,26,208,17,1,23,10,55,18,39,21,83,3,14,35,5,15,63,7,26,117
313,71,38,2,10,107,325,264,68,161,320,42,0,3,1368,856,1068,1546,1184,729,70,27,418,402,488,758,1030,394,985,4,183,414,320,329,485,1263,3444,0,3071,2308,363,22,0,6,1,0,1196,304,0,446,41,7,37,5,6,4,255,0,9,171,6,391,518,436,43,541,414,474,26,1,7,58,9,2,1,3,28,28,11,11,104,31,43,0,44,2,3,18,34,4,29,0,0,0,0,0,1,0,0,0,1,0,0,16,11,0,1,0,0,9,5,1,5,0,0,1,0,545,2,43,1018,6,2,1632,0,7,64,0,2,3,1,2,47,7,1,2,0,0,5,2,0,9,1,0,1,0,2,211,77,0,56,0,37,1,1,0,4,0,1,21,2,1,17,1,4,26,313,1,0,0,7,4,158,67,221,20,12,68,0,39,388,30,13,0,212,354,173,0,0,2,1,0,19,6,133,0,0,30,53,232,3,1,18,59,13,75,173,42,3,5,0,4,3,3,1,4,62,2,58,38,14,10,104,0,39,267,1,285,88,414,148,193,84,266,18,0,10,119,52,28,1,21,5,102,1,7,25,11,1,0,8,0,0,2,45,6,5,0,0,0,1,0,0,0,2,3,0,0,0,15,2,3,3,0,1,4,3,1,3,0,3,3,0,312,14,33,1034,11,83,204,0,9,154,0,37,0,4,12,13,0,3,3,3,2,3,3,0,2,1,1,1,0,2,60,3,0,35,1,4,3,20,9,48,0,1,6,0,2,11,1,9,25
847,21,1289,10,60,27,375,309,2192,2595,4260,4408,29,17,8604,971,813,300,4225,4345,32,40,830,3860,19363,11218,10375,8145,892,765,2777,4162,5988,504,369,590,826,3071,0,704,493,97,0,48,0,0,1341,152,1,1047,130,75,96,71,75,5,658,0,40,70,34,209,643,1965,88,169,107,187,93,3,16,115,35,9,4,1,161,134,74,27,157,126,216,4,180,13,6,69,178,30,76,0,0,0,2,4,4,0,1,2,1,0,0,54,24,1,12,0,0,86,36,3,14,0,3,1,0,139,2,11,21477,52,8,7029,33,75,306,8,4,16,1,0,235,31,3,13,2,1,31,23,0,24,6,5,5,0,5,137,118,0,66,1,146,4,2,0,4,1,4,98,25,2,85,1,13,9,897,7,0,0,1,0,327,233,436,16,11,23,0,151,466,188,25,0,401,446,59,0,0,15,24,1,16,28,489,0,2,76,211,169,10,6,14,122,83,321,36,5,1,1,0,0,26,53,2,28,42,11,27,0,2,1,48,0,36,73,7,117,66,239,76,55,59,83,43,1,8,77,10,24,3,8,8,40,2,11,67,50,18,1,28,3,5,7,118,27,20,0,0,0,2,1,5,0,7,8,2,0,0,58,14,6,15,0,2,40,14,1,21,1,7,13,0,107,23,37,1350,33,31,648,0,11,94,1,27,0,2,0,50,8,6,35,6,4,23,17,1,4,5,4,4,0,3,57,13,0,2,2,7,8,24,5,29,1,3,8,2,3,27,1,15,6
907,92,1546,53,198,265,704,1631,1859,2224,4187,3307,7,39,9876,1287,1237,131,7449,2950,116,513,70,2507,22101,16941,16335,14725,849,786,1703,6299,5609,613,290,331,1312,2308,704,0,1001,470,0,144,7,0,1967,379,0,1421,1274,98,465,521,199,300,1699,0,134,490,72,599,2099,3941,308,2001,547,2519,281,88,85,591,116,56,18,61,207,242,208,115,617,942,291,5,671,68,58,87,307,25,595,4,3,0,31,1,47,6,4,5,4,0,0,142,52,0,37,11,0,68,31,4,13,0,26,9,0,1257,17,63,27561,161,72,11860,39,170,483,22,13,30,39,29,313,11,1,25,1,1,32,57,2,39,4,2,41,0,41,275,210,0,503,2,212,34,21,9,106,11,36,207,167,4,164,19,99,50,989,8,1,11,2,12,477,542,430,115,184,127,0,183,588,384,43,1,494,567,175,44,2,120,198,81,134,167,739,8,115,204,439,687,56,78,209,502,177,830,125,96,1,10,1,0,58,222,1,76,307,15,237,57,44,8,635,0,312,633,67,514,284,1258,634,326,395,694,203,69,111,492,96,77,19,256,49,478,51,136,459,114,118,3,200,29,31,28,355,29,79,0,0,2,36,2,30,1,15,10,10,1,0,186,37,9,44,13,4,24,21,0,34,13,23,51,0,818,154,148,3156,131,163,1246,2,99,627,3,104,2,54,271,228,14,31,14,7,4,17,45,23,18,9,2,31,26,43,149,29,0,28,12,54,68,65,70,120,5,65,128,10,3,98,3,18,129
216,69,23,22,51,402,468,811,296,1161,527,1546,11,26,766,596,708,0,287,639,447,2,0,138,378,169,282,282,64,3,1,305,286,2634,245,220,1105,363,493,1001,0,819,0,101,54,15,3218,226,0,3100,2762,40,1784,408,1067,36,3985,0,895,2708,27,3837,1335,14772,1688,742,583,207,99,16,30,262,86,31,17,19,70,212,27,40,534,74,66,3,135,27,39,40,150,33,164,0,0,0,4,3,18,1,2,1,0,0,0,88,43,0,13,3,0,11,17,2,7,0,4,5,0,890,192,734,13261,2786,316,1017,12,2740,270,3,59,483,2,8,78,13,0,9,0,1,11,24,0,19,7,3,6,0,5,1016,1073,0,119,3,43,13,22,5,45,19,15,48,38,2,458,3,18,199,1119,6,25,26,18,2,345,189,5229,79,129,67,0,83,5010,211,277,17,404,5975,5756,4,0,76,138,54,59,55,141,22,82,82,129,571,12,42,152,573,50,411,2748,59,4,127,0,0,127,70,1,154,1022,299,169,34,291,5,906,0,191,486,61,3476,151,1135,147,278,52,211,90,13,88,429,449,114,110,69,72,527,39,38,136,72,32,0,138,23,38,8,211,30,20,1,1,0,5,0,23,1,2,2,2,0,0,64,26,1,22,5,0,4,6,0,4,3,6,11,0,237,37,295,8045,2208,129,1113,2,1803,579,13,56,3,14,12,74,5,1,4,1,0,3,24,1,2,3,2,6,0,7,88,169,0,22,6,16,45,32,95,76,41,3,31,26,1,115,5,7,16
